>VMCHGGAAGTSC	ELK3.ETS/1.ETS	4.721410	-54.502008	0	T:4453.0(46.08%),B:16176.1(40.99%),P:1e-23
0.305	0.364	0.232	0.099
0.335	0.409	0.128	0.128
0.128	0.763	0.054	0.054
0.379	0.320	0.054	0.246
0.054	0.054	0.837	0.054
0.054	0.054	0.837	0.054
0.837	0.054	0.054	0.054
0.615	0.128	0.054	0.202
0.364	0.054	0.527	0.054
0.054	0.187	0.054	0.704
0.054	0.409	0.483	0.054
0.073	0.663	0.191	0.073
