>TGTCAGGGGGCA	INSM1.INSM1.C2H2	3.763525	-12.687287	0	T:4158.0(43.03%),B:16087.9(40.76%),P:1e-5
0.086	0.029	0.231	0.654
0.029	0.029	0.685	0.256
0.029	0.168	0.137	0.666
0.339	0.577	0.029	0.055
0.886	0.029	0.029	0.055
0.029	0.029	0.912	0.029
0.029	0.029	0.912	0.029
0.029	0.029	0.912	0.029
0.029	0.029	0.912	0.029
0.029	0.080	0.836	0.055
0.080	0.861	0.029	0.029
0.577	0.029	0.364	0.029
