>AACCWGTTTTDC	GRHL1.GRHL.CP2	5.208810	-15.888841	0	T:3246.0(33.59%),B:12291.9(31.14%),P:1e-6
0.657	0.062	0.094	0.187
0.572	0.015	0.143	0.270
0.015	0.945	0.033	0.007
0.017	0.823	0.007	0.153
0.325	0.019	0.185	0.471
0.007	0.049	0.886	0.058
0.011	0.167	0.049	0.773
0.027	0.228	0.045	0.700
0.056	0.353	0.035	0.556
0.076	0.197	0.199	0.529
0.228	0.189	0.238	0.345
0.047	0.785	0.054	0.114
