>CYGCACCTGCYBCY	ASCL1.Ebox/CAGCTG.bHLH	3.951310	-5.313308	0	T:5113.0(52.91%),B:20364.3(51.60%),P:1e-2
0.190	0.435	0.176	0.199
0.219	0.246	0.162	0.373
0.221	0.254	0.425	0.100
0.009	0.972	0.007	0.011
0.972	0.007	0.003	0.018
0.009	0.610	0.357	0.024
0.011	0.970	0.005	0.013
0.011	0.005	0.005	0.978
0.007	0.007	0.968	0.018
0.011	0.775	0.085	0.129
0.083	0.419	0.009	0.489
0.104	0.384	0.275	0.238
0.133	0.489	0.100	0.279
0.168	0.404	0.153	0.275
