>TAATTGGTTTTTAATTGS	MSX1.HD/5.homeodomain	4.003710	-13.315733	0	T:1957.0(20.25%),B:7259.7(18.39%),P:1e-5
0.136	0.112	0.080	0.672
0.753	0.047	0.053	0.147
0.905	0.012	0.015	0.068
0.126	0.011	0.021	0.841
0.069	0.044	0.045	0.842
0.242	0.015	0.582	0.161
0.144	0.244	0.453	0.160
0.240	0.140	0.173	0.446
0.264	0.186	0.131	0.419
0.157	0.170	0.246	0.427
0.133	0.185	0.113	0.569
0.004	0.010	0.001	0.986
0.956	0.001	0.026	0.018
0.997	0.001	0.001	0.001
0.004	0.007	0.011	0.979
0.025	0.030	0.041	0.904
0.299	0.027	0.638	0.036
0.123	0.346	0.396	0.135
