>DGTTAATGATTAACH	HNF1B.HD/10.homeodomain	4.505410	-6.404432	0	T:2125.0(21.99%),B:8196.9(20.77%),P:1e-2
0.325	0.070	0.357	0.248
0.149	0.037	0.750	0.064
0.031	0.082	0.082	0.805
0.147	0.084	0.049	0.720
0.971	0.005	0.019	0.005
0.930	0.049	0.009	0.013
0.058	0.013	0.009	0.920
0.408	0.003	0.586	0.003
0.756	0.007	0.056	0.181
0.049	0.027	0.124	0.801
0.019	0.041	0.005	0.935
0.687	0.066	0.135	0.112
0.791	0.096	0.068	0.045
0.080	0.726	0.045	0.149
0.242	0.357	0.066	0.335
