>AAAATTAATTARY	LHX3.HD/2.homeodomain	5.158860	-50.475816	0	T:1970.0(20.39%),B:6551.9(16.60%),P:1e-21
0.528	0.082	0.186	0.204
0.506	0.053	0.215	0.226
0.764	0.104	0.110	0.022
0.568	0.034	0.162	0.236
0.024	0.021	0.034	0.921
0.014	0.014	0.024	0.948
0.958	0.014	0.014	0.014
0.948	0.014	0.024	0.014
0.014	0.014	0.014	0.958
0.035	0.024	0.031	0.911
0.905	0.014	0.034	0.047
0.457	0.103	0.326	0.115
0.172	0.257	0.164	0.407
