>GGGNTCMTBDCHGGCAGCTGY	ZNF563.ZNF563.C2H2	4.393260	-18.147927	0	T:5045.0(52.21%),B:19487.1(49.37%),P:1e-7
0.241	0.128	0.441	0.190
0.095	0.106	0.631	0.168
0.166	0.162	0.469	0.203
0.279	0.269	0.251	0.202
0.023	0.085	0.148	0.744
0.009	0.882	0.011	0.098
0.349	0.484	0.025	0.142
0.102	0.181	0.154	0.563
0.159	0.312	0.272	0.256
0.353	0.140	0.298	0.209
0.112	0.625	0.171	0.092
0.264	0.298	0.035	0.403
0.179	0.029	0.623	0.169
0.037	0.120	0.678	0.165
0.035	0.785	0.169	0.011
0.712	0.195	0.011	0.082
0.268	0.126	0.536	0.070
0.021	0.888	0.021	0.070
0.187	0.171	0.102	0.539
0.057	0.181	0.662	0.100
0.155	0.401	0.068	0.375
