>GVVRCCGGAAGTGV	GABPA.ETS/1.ETS	2.973010	-97.557872	0	T:5473.0(56.64%),B:19603.6(49.67%),P:1e-42
0.183	0.226	0.481	0.110
0.286	0.252	0.384	0.078
0.363	0.230	0.270	0.137
0.428	0.147	0.382	0.043
0.100	0.608	0.270	0.023
0.114	0.849	0.029	0.009
0.011	0.003	0.983	0.003
0.011	0.007	0.977	0.005
0.987	0.003	0.007	0.003
0.977	0.005	0.003	0.015
0.108	0.027	0.860	0.005
0.100	0.189	0.035	0.677
0.179	0.131	0.566	0.124
0.288	0.270	0.382	0.060
