>KTVAYTSRMGCRKR	PAX8.unclassified.unclassified	4.720210	-11.121981	0	T:2998.0(31.03%),B:11477.1(29.08%),P:1e-4
0.128	0.215	0.384	0.272
0.097	0.226	0.109	0.568
0.247	0.368	0.313	0.072
0.781	0.086	0.072	0.061
0.147	0.432	0.022	0.399
0.085	0.168	0.061	0.687
0.100	0.421	0.432	0.047
0.446	0.075	0.379	0.100
0.413	0.321	0.144	0.122
0.047	0.227	0.641	0.085
0.152	0.504	0.022	0.321
0.377	0.122	0.479	0.022
0.022	0.111	0.438	0.429
0.336	0.073	0.419	0.172
