>BGGGGMKCAGCTGCGTCCYY	NHLH1.HEN1.bHLH	1.809960	-27.290591	0	T:5062.0(52.39%),B:19272.0(48.83%),P:1e-11
0.129	0.232	0.290	0.349
0.120	0.105	0.611	0.164
0.046	0.046	0.743	0.164
0.105	0.017	0.817	0.061
0.135	0.135	0.449	0.282
0.478	0.444	0.061	0.017
0.135	0.149	0.429	0.287
0.061	0.875	0.046	0.017
0.920	0.032	0.032	0.017
0.017	0.091	0.831	0.061
0.017	0.949	0.017	0.017
0.076	0.017	0.017	0.890
0.017	0.017	0.934	0.032
0.032	0.846	0.076	0.046
0.061	0.032	0.787	0.120
0.017	0.223	0.282	0.478
0.032	0.846	0.076	0.046
0.105	0.669	0.091	0.135
0.120	0.414	0.105	0.360
0.136	0.386	0.077	0.401
