>YTTGATTRATKSSC	HOXC8.unclassified.unclassified	5.569460	-43.627782	0	T:2006.0(20.76%),B:6794.0(17.21%),P:1e-18
0.182	0.273	0.182	0.363
0.049	0.049	0.230	0.672
0.049	0.139	0.049	0.763
0.130	0.320	0.501	0.049
0.772	0.049	0.049	0.130
0.230	0.049	0.049	0.672
0.221	0.049	0.049	0.681
0.401	0.049	0.410	0.139
0.853	0.049	0.049	0.049
0.139	0.139	0.139	0.582
0.230	0.049	0.410	0.311
0.221	0.410	0.320	0.049
0.139	0.401	0.320	0.139
0.185	0.446	0.185	0.185
