>YGGCCACCAGGGGGCGCYV	CTCF.CTCF.C2H2	0.479310	-49.451363	0	T:5330.0(55.16%),B:19839.3(50.27%),P:1e-21
0.096	0.359	0.128	0.418
0.153	0.169	0.519	0.159
0.258	0.086	0.550	0.106
0.070	0.849	0.039	0.043
0.005	0.987	0.005	0.003
0.694	0.009	0.242	0.054
0.019	0.647	0.321	0.013
0.100	0.590	0.076	0.234
0.898	0.021	0.056	0.025
0.005	0.005	0.983	0.007
0.384	0.003	0.608	0.005
0.029	0.029	0.584	0.359
0.015	0.005	0.975	0.005
0.052	0.029	0.853	0.066
0.070	0.868	0.015	0.047
0.394	0.017	0.580	0.009
0.078	0.558	0.325	0.039
0.098	0.420	0.118	0.365
0.371	0.268	0.315	0.047
