>AASTRGGKCAAAGGTCA	PPARA.NR/3.nuclearreceptor	5.031360	-6.678548	0	T:3149.0(32.59%),B:12296.3(31.15%),P:1e-2
0.489	0.216	0.128	0.167
0.531	0.027	0.090	0.353
0.084	0.420	0.367	0.129
0.064	0.118	0.153	0.665
0.442	0.033	0.465	0.060
0.096	0.005	0.831	0.068
0.149	0.015	0.795	0.041
0.124	0.183	0.386	0.307
0.104	0.515	0.262	0.120
0.916	0.021	0.056	0.007
0.647	0.045	0.256	0.052
0.805	0.003	0.189	0.003
0.133	0.007	0.821	0.039
0.060	0.011	0.797	0.131
0.043	0.120	0.252	0.586
0.076	0.610	0.153	0.161
0.718	0.084	0.100	0.098
