>VRGKBCAAAGTCCA	HNF4G.NR/1.nuclearreceptor	4.622660	-5.059612	0	T:2788.0(28.85%),B:10936.5(27.71%),P:1e-2
0.282	0.254	0.353	0.112
0.453	0.035	0.396	0.116
0.074	0.021	0.841	0.064
0.183	0.072	0.325	0.420
0.151	0.307	0.278	0.264
0.011	0.918	0.013	0.058
0.941	0.025	0.019	0.015
0.839	0.011	0.145	0.005
0.914	0.003	0.070	0.013
0.011	0.009	0.959	0.021
0.019	0.011	0.380	0.590
0.045	0.493	0.129	0.333
0.021	0.829	0.019	0.131
0.696	0.066	0.131	0.106
