>GHTCAGTCATGCGTGACA	PAX2.PAX/1.PAX	4.853810	-10.040013	0	T:2348.0(24.30%),B:8924.3(22.61%),P:1e-4
0.233	0.188	0.400	0.179
0.326	0.273	0.071	0.330
0.071	0.163	0.252	0.514
0.183	0.447	0.188	0.183
0.526	0.167	0.204	0.103
0.199	0.179	0.439	0.183
0.018	0.162	0.036	0.784
0.092	0.560	0.293	0.055
0.781	0.055	0.146	0.018
0.158	0.257	0.105	0.480
0.220	0.073	0.562	0.146
0.262	0.500	0.129	0.108
0.200	0.103	0.492	0.204
0.071	0.241	0.018	0.670
0.092	0.108	0.781	0.018
0.742	0.018	0.055	0.184
0.082	0.585	0.018	0.315
0.496	0.057	0.152	0.296
