>AATBGAATGSAAAYAW	POU2F1.POU/1.POU	5.576510	-20.155376	0	T:2586.0(26.76%),B:9534.6(24.16%),P:1e-8
0.621	0.117	0.160	0.102
0.426	0.174	0.174	0.225
0.081	0.052	0.297	0.570
0.088	0.362	0.333	0.218
0.297	0.138	0.462	0.102
0.484	0.167	0.045	0.304
0.923	0.045	0.016	0.016
0.045	0.023	0.016	0.916
0.066	0.009	0.916	0.009
0.023	0.455	0.419	0.102
0.894	0.030	0.038	0.038
0.801	0.045	0.131	0.023
0.527	0.074	0.059	0.340
0.124	0.390	0.066	0.419
0.592	0.146	0.174	0.088
0.455	0.088	0.081	0.376
