>BCCTTTGATSTBB	TCF7L2.TCF/LEF.HMG	5.372465	-25.594770	0	T:2667.0(27.60%),B:9710.9(24.60%),P:1e-11
0.100	0.349	0.307	0.244
0.088	0.540	0.175	0.197
0.023	0.845	0.019	0.114
0.019	0.035	0.003	0.943
0.005	0.056	0.035	0.904
0.019	0.003	0.007	0.971
0.035	0.163	0.773	0.029
0.884	0.015	0.019	0.082
0.252	0.011	0.019	0.718
0.027	0.422	0.532	0.019
0.100	0.177	0.052	0.671
0.090	0.256	0.351	0.303
0.126	0.230	0.359	0.286
