>RAVCCGGAAGTGR	ELF2.ETS/1.ETS	3.799210	-65.681453	0	T:5319.0(55.05%),B:19483.9(49.37%),P:1e-28
0.390	0.153	0.317	0.139
0.487	0.104	0.218	0.191
0.311	0.317	0.297	0.074
0.074	0.612	0.291	0.023
0.232	0.734	0.017	0.017
0.011	0.003	0.977	0.009
0.015	0.011	0.969	0.005
0.965	0.013	0.011	0.011
0.971	0.005	0.011	0.013
0.088	0.017	0.882	0.013
0.131	0.209	0.106	0.554
0.197	0.143	0.548	0.112
0.313	0.193	0.432	0.062
