>AADGGVNCCWTTGTTC	SOX9.SOX/1.HMG	4.928210	-93.510801	0	T:2962.0(30.65%),B:9718.6(24.62%),P:1e-40
0.797	0.139	0.047	0.017
0.872	0.007	0.058	0.062
0.410	0.009	0.288	0.293
0.214	0.052	0.604	0.129
0.234	0.195	0.519	0.052
0.234	0.258	0.337	0.171
0.191	0.282	0.297	0.230
0.068	0.426	0.256	0.250
0.039	0.789	0.064	0.108
0.400	0.080	0.017	0.503
0.003	0.137	0.096	0.764
0.003	0.003	0.003	0.991
0.007	0.007	0.981	0.005
0.015	0.005	0.003	0.977
0.041	0.133	0.195	0.631
0.058	0.562	0.072	0.307
