>TVANAGATAACTYRRMK	GATA5.GATA.C2H2	5.649860	-6.149621	0	T:2017.0(20.87%),B:7777.4(19.71%),P:1e-2
0.300	0.106	0.113	0.480
0.372	0.286	0.236	0.106
0.632	0.156	0.106	0.106
0.293	0.178	0.308	0.221
0.480	0.041	0.178	0.300
0.041	0.041	0.876	0.041
0.876	0.041	0.041	0.041
0.041	0.041	0.041	0.876
0.617	0.041	0.041	0.300
0.617	0.041	0.164	0.178
0.106	0.423	0.228	0.243
0.171	0.221	0.171	0.437
0.171	0.286	0.164	0.380
0.408	0.106	0.300	0.185
0.365	0.041	0.488	0.106
0.372	0.300	0.106	0.221
0.203	0.138	0.268	0.390
