>YTAATTASYCHWWAWTT	GBX2.HD/2.homeodomain	5.562660	-33.058877	0	T:1820.0(18.83%),B:6267.5(15.88%),P:1e-14
0.145	0.393	0.201	0.261
0.041	0.155	0.033	0.771
0.948	0.022	0.018	0.012
0.967	0.016	0.008	0.009
0.005	0.009	0.005	0.981
0.001	0.026	0.011	0.962
0.639	0.017	0.343	0.001
0.148	0.311	0.450	0.091
0.083	0.415	0.129	0.374
0.170	0.387	0.231	0.212
0.280	0.287	0.104	0.329
0.327	0.198	0.080	0.395
0.377	0.126	0.046	0.451
0.550	0.075	0.041	0.333
0.510	0.045	0.032	0.412
0.304	0.063	0.056	0.577
0.288	0.102	0.155	0.455
