>RAAAGRGGAAGTGAAASTRR	IRF8.IRF/2.IRF	3.785010	-6.422005	0	T:3949.0(40.87%),B:15549.0(39.40%),P:1e-2
0.359	0.175	0.309	0.157
0.485	0.096	0.209	0.210
0.564	0.104	0.139	0.193
0.540	0.058	0.155	0.246
0.317	0.137	0.475	0.070
0.481	0.137	0.347	0.035
0.207	0.005	0.781	0.007
0.139	0.005	0.851	0.005
0.983	0.009	0.005	0.003
0.953	0.019	0.009	0.019
0.139	0.317	0.519	0.025
0.074	0.068	0.003	0.854
0.021	0.009	0.957	0.013
0.860	0.011	0.108	0.021
0.841	0.019	0.124	0.017
0.939	0.019	0.017	0.025
0.108	0.412	0.463	0.017
0.133	0.246	0.060	0.560
0.345	0.153	0.323	0.179
0.378	0.171	0.299	0.151
