>CTTGTTTACWTWG	FOXA3.FOX/4.forkhead	5.163110	-35.661864	0	T:2916.0(30.18%),B:10457.1(26.49%),P:1e-15
0.159	0.463	0.216	0.161
0.228	0.250	0.080	0.442
0.015	0.003	0.009	0.973
0.246	0.011	0.732	0.011
0.011	0.025	0.017	0.947
0.009	0.003	0.039	0.949
0.011	0.003	0.272	0.714
0.849	0.009	0.116	0.027
0.007	0.866	0.025	0.102
0.367	0.153	0.011	0.469
0.096	0.232	0.108	0.564
0.424	0.017	0.056	0.503
0.155	0.118	0.574	0.153
