>YCGTCACGCTTGANTGV	PAX1.PAX/1.PAX	0.758760	-5.087926	0	T:3048.0(31.54%),B:11985.0(30.37%),P:1e-2
0.179	0.283	0.156	0.382
0.086	0.489	0.299	0.126
0.037	0.036	0.883	0.045
0.068	0.049	0.031	0.852
0.007	0.818	0.002	0.173
0.915	0.076	0.005	0.004
0.003	0.857	0.005	0.135
0.006	0.004	0.985	0.005
0.007	0.774	0.215	0.004
0.371	0.018	0.004	0.607
0.005	0.092	0.005	0.898
0.007	0.318	0.647	0.028
0.815	0.002	0.177	0.006
0.184	0.315	0.284	0.217
0.019	0.065	0.013	0.903
0.093	0.029	0.696	0.182
0.377	0.319	0.233	0.072
