>CAYTTCCMGGAA	STAT3.STAT/2.STAT	5.049110	-16.658295	0	T:3147.0(32.57%),B:11869.3(30.07%),P:1e-7
0.169	0.422	0.228	0.181
0.450	0.193	0.197	0.161
0.116	0.339	0.106	0.440
0.027	0.009	0.005	0.959
0.017	0.005	0.082	0.896
0.088	0.880	0.009	0.023
0.005	0.862	0.003	0.129
0.446	0.548	0.003	0.003
0.347	0.019	0.610	0.025
0.054	0.015	0.726	0.205
0.783	0.173	0.007	0.037
0.896	0.037	0.029	0.039
