>GHWHVMATTGTTBTYKTCC	SOX18.SOX/4.HMG	5.574310	-21.361922	0	T:2582.0(26.72%),B:9485.6(24.03%),P:1e-9
0.174	0.272	0.478	0.076
0.356	0.345	0.052	0.247
0.454	0.052	0.149	0.345
0.258	0.345	0.149	0.247
0.247	0.356	0.247	0.149
0.356	0.443	0.149	0.052
0.552	0.052	0.052	0.345
0.052	0.052	0.052	0.845
0.052	0.052	0.052	0.845
0.052	0.052	0.845	0.052
0.247	0.052	0.052	0.650
0.149	0.258	0.052	0.541
0.149	0.345	0.247	0.258
0.247	0.149	0.052	0.552
0.149	0.345	0.149	0.356
0.149	0.149	0.345	0.356
0.052	0.247	0.149	0.552
0.052	0.552	0.149	0.247
0.103	0.690	0.103	0.103
