>GGCTGTCCNBVGCGCTGCCTGW	ZNF335.ZNF335.C2H2	3.419410	-10.906296	0	T:5195.0(53.76%),B:20389.4(51.66%),P:1e-4
0.289	0.029	0.568	0.113
0.067	0.085	0.735	0.113
0.085	0.605	0.169	0.141
0.029	0.215	0.029	0.726
0.020	0.048	0.819	0.113
0.057	0.336	0.104	0.503
0.020	0.884	0.039	0.057
0.020	0.568	0.029	0.382
0.197	0.187	0.289	0.327
0.150	0.345	0.224	0.280
0.271	0.215	0.345	0.169
0.113	0.271	0.485	0.132
0.234	0.531	0.067	0.169
0.187	0.085	0.466	0.262
0.271	0.438	0.159	0.132
0.039	0.141	0.011	0.810
0.029	0.048	0.791	0.132
0.029	0.847	0.020	0.104
0.048	0.893	0.011	0.048
0.048	0.057	0.057	0.838
0.104	0.113	0.680	0.104
0.466	0.159	0.048	0.327
