>YMMTWWTAAYCYAATTAABT	DMBX1.HD/20.homeodomain	5.873360	-11.146566	0	T:1922.0(19.89%),B:7193.0(18.22%),P:1e-4
0.180	0.273	0.150	0.397
0.404	0.281	0.126	0.188
0.412	0.289	0.165	0.134
0.211	0.150	0.119	0.520
0.397	0.057	0.057	0.489
0.489	0.057	0.057	0.397
0.304	0.119	0.057	0.520
0.520	0.180	0.057	0.242
0.551	0.119	0.057	0.273
0.150	0.304	0.180	0.366
0.119	0.582	0.057	0.242
0.026	0.428	0.088	0.459
0.706	0.057	0.150	0.088
0.829	0.057	0.088	0.026
0.026	0.057	0.026	0.891
0.026	0.026	0.026	0.922
0.922	0.026	0.026	0.026
0.582	0.150	0.150	0.119
0.111	0.235	0.327	0.327
0.242	0.119	0.242	0.397
