>CTAATTAGYYWAWWWWD	SHOX2.HD/2.homeodomain	2.803210	-19.216447	0	T:2246.0(23.24%),B:8222.0(20.83%),P:1e-8
0.070	0.502	0.116	0.312
0.010	0.019	0.010	0.962
0.997	0.001	0.001	0.001
0.997	0.001	0.001	0.001
0.001	0.001	0.001	0.997
0.001	0.001	0.001	0.997
0.630	0.001	0.368	0.001
0.330	0.126	0.532	0.013
0.095	0.398	0.098	0.409
0.173	0.300	0.096	0.431
0.404	0.228	0.068	0.301
0.525	0.092	0.019	0.364
0.480	0.013	0.002	0.505
0.469	0.004	0.003	0.524
0.451	0.014	0.033	0.503
0.345	0.064	0.114	0.478
0.315	0.119	0.259	0.307
