>GAAAGTGAAAGTGR	PRDM1.PRDM1.C2H2	4.822110	-10.445450	0	T:3854.0(39.88%),B:14954.1(37.89%),P:1e-4
0.313	0.058	0.564	0.064
0.604	0.084	0.262	0.050
0.768	0.082	0.100	0.050
0.906	0.003	0.080	0.011
0.096	0.078	0.801	0.025
0.236	0.064	0.218	0.481
0.049	0.009	0.939	0.003
0.983	0.005	0.009	0.003
0.896	0.011	0.090	0.003
0.977	0.003	0.015	0.005
0.049	0.045	0.890	0.017
0.045	0.129	0.159	0.667
0.199	0.147	0.457	0.197
0.394	0.177	0.266	0.163
