>KBCCTGTTTWCH	FOXO1.FOX/5.forkhead	5.665660	-31.241137	0	T:4010.0(41.50%),B:14904.3(37.76%),P:1e-13
0.187	0.161	0.260	0.392
0.098	0.309	0.256	0.337
0.062	0.450	0.254	0.234
0.043	0.475	0.171	0.311
0.009	0.015	0.017	0.959
0.035	0.037	0.910	0.019
0.007	0.187	0.019	0.787
0.013	0.033	0.064	0.890
0.015	0.043	0.222	0.720
0.402	0.224	0.054	0.319
0.009	0.687	0.054	0.250
0.226	0.264	0.177	0.333
