>TAATTACVBHWAWTTW	DLX4.HD/2.homeodomain	5.065760	-30.643539	0	T:1797.0(18.60%),B:6224.3(15.77%),P:1e-13
0.048	0.134	0.048	0.770
0.996	0.001	0.001	0.001
0.997	0.001	0.001	0.001
0.001	0.001	0.002	0.996
0.001	0.003	0.003	0.993
0.694	0.001	0.304	0.001
0.124	0.490	0.262	0.124
0.220	0.368	0.222	0.190
0.170	0.349	0.223	0.259
0.284	0.247	0.116	0.353
0.437	0.186	0.051	0.326
0.568	0.085	0.028	0.320
0.512	0.019	0.011	0.458
0.328	0.027	0.026	0.619
0.294	0.065	0.095	0.545
0.349	0.116	0.182	0.353
