>GRVRGGAARMRGA	ETS2.ETS/2.ETS	5.836060	-61.133242	0	T:4913.0(50.84%),B:17910.8(45.38%),P:1e-26
0.230	0.141	0.434	0.195
0.317	0.147	0.345	0.191
0.321	0.280	0.297	0.102
0.471	0.078	0.365	0.086
0.193	0.011	0.746	0.050
0.007	0.013	0.959	0.021
0.973	0.019	0.003	0.005
0.945	0.021	0.027	0.007
0.380	0.086	0.517	0.017
0.390	0.262	0.199	0.149
0.420	0.050	0.457	0.072
0.329	0.088	0.493	0.090
0.493	0.102	0.319	0.086
