>AWYTGCTGAGTCAT	NFE2L2.AP1/2.bZIP	2.440760	-7.401208	0	T:3249.0(33.62%),B:12660.3(32.08%),P:1e-3
0.515	0.050	0.120	0.315
0.471	0.104	0.088	0.337
0.177	0.355	0.143	0.325
0.078	0.049	0.023	0.851
0.013	0.023	0.945	0.019
0.023	0.957	0.009	0.011
0.056	0.052	0.007	0.884
0.035	0.041	0.866	0.058
0.900	0.015	0.015	0.070
0.027	0.143	0.809	0.021
0.005	0.011	0.007	0.977
0.011	0.983	0.003	0.003
0.989	0.005	0.003	0.003
0.009	0.260	0.050	0.681
