>ACATCTGGTTTYMATTA	TWIST1.Ebox/CAGATGG.bHLH	4.648160	-43.404688	0	T:2847.0(29.46%),B:10033.0(25.42%),P:1e-18
0.504	0.267	0.156	0.073
0.073	0.862	0.031	0.035
0.915	0.017	0.037	0.031
0.013	0.085	0.184	0.718
0.198	0.697	0.083	0.023
0.005	0.007	0.005	0.983
0.003	0.011	0.959	0.027
0.029	0.146	0.532	0.293
0.291	0.077	0.089	0.544
0.285	0.096	0.073	0.546
0.118	0.267	0.120	0.494
0.063	0.359	0.093	0.486
0.432	0.291	0.162	0.114
0.778	0.059	0.091	0.073
0.019	0.037	0.055	0.889
0.094	0.186	0.037	0.683
0.651	0.039	0.039	0.271
