>AAAAAGAGGAAGTGRRR	SPI1.SPI.ETS	3.651510	-69.608820	0	T:4553.0(47.12%),B:16306.9(41.32%),P:1e-30
0.422	0.205	0.254	0.120
0.489	0.102	0.329	0.080
0.681	0.047	0.169	0.104
0.766	0.031	0.128	0.076
0.647	0.017	0.120	0.216
0.149	0.070	0.748	0.033
0.716	0.050	0.224	0.009
0.060	0.003	0.934	0.003
0.005	0.003	0.989	0.003
0.991	0.003	0.003	0.003
0.989	0.003	0.003	0.005
0.039	0.171	0.787	0.003
0.070	0.054	0.043	0.833
0.045	0.124	0.809	0.023
0.451	0.124	0.331	0.094
0.359	0.183	0.317	0.141
0.396	0.131	0.258	0.214
