>AAAWHTGCTGASTCAGCA	MAFK.MAF.bZIP	2.671710	-4.680596	0	T:2824.0(29.22%),B:11106.2(28.14%),P:1e-2
0.479	0.116	0.255	0.150
0.505	0.077	0.225	0.193
0.580	0.042	0.072	0.305
0.516	0.052	0.036	0.397
0.296	0.203	0.159	0.342
0.054	0.040	0.010	0.896
0.003	0.013	0.980	0.003
0.065	0.923	0.003	0.008
0.010	0.015	0.003	0.971
0.013	0.006	0.955	0.026
0.962	0.006	0.006	0.026
0.036	0.429	0.477	0.058
0.088	0.024	0.019	0.868
0.097	0.793	0.031	0.079
0.832	0.008	0.084	0.077
0.029	0.052	0.626	0.294
0.052	0.736	0.143	0.070
0.605	0.141	0.102	0.152
