>TTTTATTGCTBT	CDX2.HD/18.homeodomain	5.642280	-10.626050	0	T:2299.0(23.79%),B:8706.2(22.06%),P:1e-4
0.155	0.123	0.213	0.508
0.066	0.079	0.066	0.790
0.111	0.008	0.072	0.809
0.091	0.245	0.175	0.489
0.963	0.014	0.014	0.008
0.014	0.059	0.021	0.905
0.053	0.008	0.309	0.630
0.188	0.014	0.790	0.008
0.021	0.745	0.136	0.098
0.264	0.213	0.091	0.431
0.143	0.200	0.348	0.309
0.021	0.232	0.175	0.572
