>KRDGAAGGGKRRG	SPIC.SPI.ETS	5.406360	-18.889948	0	T:4212.0(43.59%),B:16075.4(40.73%),P:1e-8
0.196	0.157	0.389	0.258
0.350	0.179	0.335	0.137
0.263	0.056	0.392	0.288
0.263	0.035	0.475	0.226
0.496	0.005	0.272	0.227
0.610	0.017	0.005	0.368
0.005	0.005	0.984	0.005
0.005	0.087	0.660	0.249
0.169	0.078	0.699	0.054
0.199	0.093	0.414	0.293
0.385	0.068	0.328	0.218
0.374	0.083	0.420	0.123
0.202	0.112	0.529	0.157
