>RRARACAGGAARTRGS	ETV2.ETS/1.ETS	3.635810	-111.688257	0	T:5325.0(55.11%),B:18798.8(47.63%),P:1e-48
0.321	0.176	0.351	0.151
0.300	0.176	0.432	0.091
0.573	0.138	0.206	0.083
0.522	0.066	0.381	0.031
0.556	0.044	0.385	0.014
0.031	0.859	0.095	0.014
0.876	0.108	0.006	0.010
0.006	0.006	0.983	0.006
0.006	0.010	0.978	0.006
0.970	0.006	0.019	0.006
0.914	0.006	0.006	0.074
0.471	0.023	0.501	0.006
0.061	0.321	0.061	0.556
0.347	0.138	0.402	0.112
0.112	0.262	0.560	0.066
0.176	0.287	0.432	0.104
