>AACCACATCAAAGGVA	TCF7.TCF/LEF.HMG	5.631060	-5.946833	0	T:2813.0(29.11%),B:10983.6(27.83%),P:1e-2
0.455	0.129	0.274	0.141
0.450	0.242	0.191	0.118
0.282	0.450	0.129	0.139
0.293	0.477	0.159	0.070
0.754	0.056	0.090	0.100
0.033	0.677	0.274	0.017
0.675	0.068	0.005	0.252
0.116	0.023	0.031	0.831
0.068	0.694	0.212	0.025
0.951	0.015	0.009	0.025
0.856	0.070	0.062	0.011
0.892	0.005	0.074	0.029
0.191	0.043	0.752	0.015
0.240	0.214	0.483	0.062
0.327	0.246	0.301	0.126
0.442	0.191	0.197	0.171
