>GTCABCTGTTGCYAGGSAGA	RFX5.RFX/3.RFX	4.001410	-40.901871	0	T:4574.0(47.34%),B:16946.6(42.94%),P:1e-17
0.191	0.218	0.475	0.116
0.129	0.161	0.230	0.479
0.133	0.531	0.185	0.151
0.487	0.210	0.197	0.106
0.092	0.333	0.349	0.226
0.082	0.570	0.116	0.232
0.256	0.070	0.210	0.463
0.023	0.015	0.951	0.011
0.013	0.082	0.056	0.849
0.092	0.135	0.019	0.754
0.151	0.047	0.689	0.114
0.027	0.898	0.011	0.064
0.019	0.432	0.023	0.527
0.621	0.019	0.333	0.027
0.129	0.039	0.641	0.191
0.052	0.058	0.862	0.027
0.143	0.392	0.313	0.151
0.529	0.157	0.210	0.104
0.307	0.110	0.517	0.066
0.546	0.149	0.220	0.084
