>CYTGGCHCCCTGCCARG	NFIC.NFI/3.NFI	4.651910	-20.825392	0	T:4752.0(49.18%),B:18202.1(46.12%),P:1e-9
0.120	0.485	0.212	0.183
0.078	0.434	0.039	0.450
0.068	0.025	0.169	0.738
0.017	0.011	0.908	0.064
0.045	0.035	0.882	0.039
0.205	0.675	0.060	0.060
0.317	0.254	0.066	0.363
0.094	0.412	0.252	0.242
0.003	0.598	0.003	0.396
0.234	0.398	0.175	0.193
0.286	0.092	0.181	0.442
0.023	0.090	0.623	0.264
0.027	0.851	0.049	0.074
0.021	0.953	0.011	0.015
0.665	0.244	0.017	0.074
0.453	0.072	0.376	0.098
0.214	0.222	0.455	0.108
