>RGTGGCRGTTGSVGV	MYBL1.MYB/1.MYB	3.445710	-14.180925	0	T:3942.0(40.79%),B:15153.7(38.39%),P:1e-6
0.351	0.199	0.331	0.120
0.098	0.189	0.582	0.131
0.151	0.252	0.159	0.438
0.135	0.037	0.785	0.043
0.163	0.019	0.760	0.058
0.015	0.961	0.017	0.007
0.430	0.274	0.284	0.013
0.003	0.007	0.981	0.009
0.003	0.015	0.007	0.975
0.005	0.005	0.007	0.983
0.335	0.035	0.534	0.096
0.185	0.317	0.455	0.043
0.371	0.224	0.254	0.151
0.209	0.183	0.519	0.090
0.337	0.214	0.329	0.120
