>CCAKCTGYTTYCYTBCTB	OLIG2.Ebox/CATATG.bHLH	5.214310	-111.950446	0	T:4750.0(49.16%),B:16466.8(41.72%),P:1e-48
0.216	0.615	0.143	0.025
0.153	0.819	0.007	0.021
0.833	0.019	0.029	0.120
0.011	0.029	0.487	0.473
0.155	0.777	0.052	0.015
0.037	0.017	0.009	0.937
0.003	0.017	0.904	0.076
0.015	0.361	0.181	0.444
0.027	0.252	0.037	0.685
0.082	0.258	0.155	0.505
0.100	0.430	0.187	0.284
0.106	0.487	0.116	0.291
0.177	0.380	0.167	0.276
0.268	0.088	0.193	0.451
0.084	0.260	0.291	0.365
0.189	0.450	0.137	0.224
0.228	0.230	0.104	0.438
0.131	0.199	0.339	0.331
