>GCCRSCAGGGGGCGCYV	CTCFL.CTCF.C2H2	1.360560	-33.566109	0	T:5365.0(55.52%),B:20344.1(51.55%),P:1e-14
0.168	0.183	0.440	0.209
0.047	0.826	0.076	0.052
0.021	0.933	0.030	0.017
0.339	0.071	0.372	0.218
0.126	0.444	0.416	0.014
0.144	0.508	0.093	0.255
0.865	0.047	0.034	0.054
0.012	0.014	0.968	0.006
0.231	0.003	0.749	0.017
0.082	0.093	0.727	0.098
0.012	0.006	0.972	0.010
0.014	0.017	0.926	0.043
0.084	0.889	0.008	0.019
0.212	0.008	0.762	0.019
0.032	0.701	0.207	0.060
0.131	0.407	0.080	0.383
0.264	0.262	0.378	0.095
