>RGAACATTYTGTTCTY	PGR.NR/20.nuclearreceptor	4.963210	-7.972364	0	T:2893.0(29.94%),B:11197.1(28.37%),P:1e-3
0.419	0.026	0.400	0.154
0.101	0.014	0.834	0.051
0.494	0.160	0.188	0.157
0.884	0.054	0.029	0.033
0.014	0.865	0.014	0.107
0.637	0.039	0.117	0.207
0.033	0.182	0.173	0.612
0.082	0.220	0.117	0.581
0.070	0.463	0.148	0.319
0.095	0.067	0.045	0.793
0.020	0.089	0.849	0.042
0.061	0.039	0.039	0.862
0.235	0.132	0.151	0.481
0.067	0.799	0.014	0.120
0.086	0.263	0.029	0.622
0.132	0.245	0.235	0.388
