>CCWTTGTTATGCAAAT	POU5F1.OCT4+SOX2.POU	5.195510	-17.784750	0	T:2438.0(25.23%),B:9018.4(22.85%),P:1e-7
0.054	0.517	0.195	0.234
0.076	0.527	0.082	0.315
0.388	0.047	0.043	0.523
0.023	0.066	0.027	0.884
0.074	0.025	0.031	0.870
0.106	0.313	0.513	0.068
0.378	0.039	0.035	0.548
0.177	0.250	0.102	0.471
0.876	0.023	0.035	0.066
0.017	0.005	0.019	0.959
0.015	0.011	0.914	0.060
0.017	0.754	0.096	0.133
0.783	0.023	0.033	0.161
0.615	0.062	0.254	0.068
0.823	0.039	0.070	0.068
0.161	0.139	0.124	0.576
