>RCTGCYCTTTTY	FEZF1.FEZF1.C2H2	5.896925	-10.145074	0	T:3212.0(33.24%),B:12378.5(31.36%),P:1e-4
0.305	0.124	0.361	0.210
0.133	0.483	0.076	0.307
0.072	0.035	0.025	0.868
0.015	0.023	0.941	0.021
0.017	0.552	0.104	0.327
0.029	0.432	0.054	0.485
0.064	0.720	0.029	0.187
0.240	0.062	0.017	0.681
0.009	0.135	0.052	0.803
0.023	0.013	0.021	0.943
0.047	0.118	0.072	0.764
0.173	0.331	0.159	0.337
