>DTTATGCAAATTTG	POU2F3.POU/1.POU	5.309960	-28.901486	0	T:2268.0(23.47%),B:8074.9(20.46%),P:1e-12
0.306	0.126	0.348	0.221
0.289	0.041	0.070	0.600
0.034	0.342	0.037	0.587
0.970	0.012	0.009	0.009
0.028	0.302	0.024	0.646
0.018	0.008	0.917	0.057
0.021	0.836	0.041	0.103
0.613	0.021	0.008	0.358
0.531	0.047	0.044	0.378
0.593	0.142	0.201	0.064
0.324	0.014	0.095	0.566
0.136	0.127	0.238	0.499
0.247	0.122	0.077	0.554
0.261	0.104	0.477	0.159
