>DWWAGGSTAATTAGTG	VAX2.HD/2.homeodomain	5.313210	-106.970351	0	T:2053.0(21.25%),B:6194.0(15.69%),P:1e-46
0.336	0.154	0.191	0.318
0.341	0.177	0.141	0.341
0.314	0.095	0.186	0.405
0.505	0.086	0.214	0.195
0.255	0.109	0.473	0.164
0.145	0.291	0.473	0.091
0.145	0.291	0.364	0.200
0.018	0.145	0.018	0.819
0.728	0.218	0.036	0.018
0.928	0.018	0.018	0.036
0.018	0.036	0.018	0.928
0.036	0.018	0.036	0.910
0.892	0.018	0.054	0.036
0.245	0.118	0.610	0.027
0.095	0.223	0.204	0.478
0.236	0.145	0.546	0.073
