>ARGTCCCCAGGGACH	EBF1.EBF1.EBF	4.051810	-73.859623	0	T:3711.0(38.40%),B:12891.0(32.66%),P:1e-32
0.416	0.203	0.201	0.181
0.418	0.092	0.272	0.218
0.120	0.256	0.412	0.212
0.060	0.203	0.027	0.710
0.005	0.981	0.005	0.009
0.017	0.807	0.003	0.173
0.009	0.937	0.005	0.049
0.250	0.619	0.043	0.088
0.669	0.017	0.015	0.299
0.021	0.003	0.973	0.003
0.248	0.005	0.718	0.029
0.009	0.007	0.981	0.003
0.653	0.049	0.256	0.043
0.220	0.432	0.254	0.094
0.212	0.351	0.094	0.343
