>ATTCATGAATTGGGCAGCAC	ZNF549.ZNF549.C2H2	3.249660	-8.849537	0	T:3185.0(32.96%),B:12330.0(31.24%),P:1e-3
0.574	0.063	0.065	0.298
0.136	0.120	0.191	0.553
0.057	0.136	0.069	0.738
0.047	0.729	0.017	0.207
0.948	0.013	0.015	0.023
0.075	0.037	0.237	0.652
0.061	0.183	0.612	0.144
0.618	0.126	0.177	0.079
0.717	0.035	0.181	0.067
0.106	0.335	0.037	0.521
0.189	0.239	0.037	0.535
0.183	0.006	0.778	0.033
0.027	0.015	0.942	0.015
0.152	0.077	0.758	0.013
0.057	0.916	0.009	0.017
0.833	0.023	0.055	0.089
0.029	0.075	0.877	0.019
0.021	0.833	0.100	0.047
0.621	0.195	0.060	0.124
0.141	0.451	0.155	0.252
