>ASTTTCRDTATGACTCAK	BATF.BATF.bZIP	5.168810	-7.303198	0	T:2386.0(24.69%),B:9197.0(23.30%),P:1e-3
0.450	0.080	0.264	0.207
0.050	0.398	0.345	0.207
0.015	0.021	0.047	0.918
0.135	0.327	0.027	0.511
0.088	0.238	0.054	0.619
0.143	0.542	0.049	0.266
0.378	0.088	0.394	0.139
0.369	0.116	0.230	0.286
0.337	0.021	0.086	0.556
0.574	0.159	0.025	0.242
0.005	0.005	0.003	0.987
0.007	0.058	0.843	0.092
0.969	0.011	0.015	0.005
0.106	0.554	0.315	0.025
0.074	0.033	0.023	0.870
0.212	0.505	0.212	0.070
0.608	0.086	0.112	0.195
0.143	0.187	0.305	0.365
