>TCAGGGARGGCTTCCTGGAGGAGG	ZNF436.ZNF436.C2H2	-6.074290	-61.924193	0	T:4219.0(43.66%),B:15101.4(38.26%),P:1e-26
0.058	0.081	0.119	0.742
0.024	0.848	0.040	0.089
0.528	0.317	0.030	0.125
0.300	0.099	0.463	0.138
0.089	0.021	0.862	0.028
0.028	0.005	0.960	0.007
0.842	0.052	0.068	0.038
0.512	0.015	0.455	0.017
0.044	0.009	0.940	0.007
0.168	0.062	0.748	0.021
0.003	0.991	0.003	0.003
0.024	0.028	0.013	0.936
0.013	0.058	0.087	0.842
0.003	0.972	0.005	0.019
0.074	0.836	0.013	0.076
0.036	0.107	0.019	0.838
0.056	0.003	0.913	0.028
0.038	0.017	0.917	0.028
0.944	0.007	0.019	0.030
0.119	0.003	0.875	0.003
0.013	0.005	0.976	0.005
0.903	0.038	0.015	0.044
0.160	0.003	0.834	0.003
0.032	0.005	0.948	0.015
