>CKGTTGCCATGGCAACVG	RFX2.RFX/1.RFX	0.956210	-4.760856	0	T:3466.0(35.87%),B:13698.2(34.71%),P:1e-2
0.045	0.565	0.106	0.283
0.132	0.178	0.407	0.283
0.004	0.004	0.989	0.004
0.004	0.011	0.004	0.982
0.022	0.083	0.008	0.887
0.045	0.006	0.931	0.018
0.006	0.896	0.006	0.092
0.004	0.794	0.004	0.199
0.796	0.057	0.059	0.087
0.132	0.011	0.118	0.740
0.080	0.004	0.908	0.008
0.118	0.011	0.866	0.006
0.157	0.530	0.195	0.118
0.572	0.038	0.300	0.090
0.838	0.057	0.076	0.029
0.027	0.850	0.020	0.104
0.307	0.258	0.330	0.106
0.192	0.265	0.442	0.101
