>DATGAATGTTATTCAT	SOX1.SOX/4.HMG	4.295810	-14.299353	0	T:2053.0(21.25%),B:7606.4(19.27%),P:1e-6
0.296	0.113	0.342	0.250
0.633	0.130	0.198	0.038
0.279	0.027	0.027	0.668
0.050	0.324	0.599	0.027
0.937	0.021	0.021	0.021
0.891	0.021	0.044	0.044
0.021	0.021	0.044	0.914
0.021	0.044	0.845	0.090
0.021	0.044	0.296	0.639
0.067	0.136	0.044	0.754
0.937	0.021	0.021	0.021
0.021	0.021	0.158	0.799
0.021	0.021	0.044	0.914
0.021	0.593	0.364	0.021
0.708	0.021	0.021	0.250
0.061	0.107	0.198	0.633
