>RSCCTGTCTGCC	SMAD1.SMAD.SMAD	4.965335	-4.697779	0	T:5156.0(53.36%),B:20584.5(52.15%),P:1e-2
0.407	0.062	0.318	0.213
0.043	0.442	0.472	0.043
0.110	0.652	0.043	0.194
0.177	0.661	0.119	0.043
0.110	0.110	0.043	0.737
0.110	0.262	0.547	0.081
0.043	0.081	0.043	0.833
0.043	0.720	0.194	0.043
0.119	0.043	0.043	0.795
0.043	0.043	0.795	0.119
0.119	0.577	0.110	0.194
0.262	0.501	0.043	0.194
