>TGCTAATGCWGCAGGCATRC	ZNF547.ZNF547.C2H2	3.401910	-7.340043	0	T:3673.0(38.01%),B:14377.8(36.43%),P:1e-3
0.142	0.120	0.128	0.609
0.069	0.101	0.753	0.077
0.040	0.843	0.006	0.111
0.271	0.084	0.084	0.561
0.695	0.167	0.096	0.043
0.901	0.033	0.047	0.018
0.152	0.220	0.038	0.590
0.009	0.057	0.556	0.378
0.006	0.977	0.006	0.011
0.408	0.164	0.067	0.361
0.254	0.030	0.653	0.062
0.018	0.904	0.023	0.055
0.780	0.099	0.018	0.103
0.325	0.103	0.517	0.055
0.227	0.077	0.597	0.099
0.108	0.797	0.038	0.057
0.622	0.084	0.184	0.111
0.157	0.240	0.203	0.400
0.429	0.067	0.391	0.113
0.052	0.797	0.084	0.067
