>GYTAATTAGCNWWWWTW	ESX1.HD/2.homeodomain	4.454060	-59.035467	0	T:1845.0(19.09%),B:5965.9(15.12%),P:1e-25
0.234	0.208	0.426	0.131
0.127	0.395	0.192	0.286
0.023	0.050	0.021	0.905
0.993	0.002	0.004	0.002
0.997	0.001	0.001	0.001
0.001	0.001	0.004	0.994
0.001	0.007	0.003	0.989
0.581	0.001	0.417	0.001
0.247	0.221	0.498	0.034
0.078	0.530	0.115	0.278
0.294	0.260	0.215	0.230
0.380	0.193	0.076	0.351
0.440	0.061	0.038	0.460
0.539	0.035	0.021	0.405
0.490	0.020	0.016	0.474
0.282	0.058	0.067	0.592
0.320	0.120	0.156	0.405
