>AGGTGTGAAWTTTCAC	MGA.TBX/4.TBX	1.464260	-5.822965	0	T:2470.0(25.56%),B:9610.1(24.35%),P:1e-2
0.650	0.047	0.195	0.108
0.117	0.087	0.742	0.055
0.015	0.021	0.949	0.015
0.010	0.098	0.010	0.881
0.001	0.001	0.997	0.001
0.025	0.076	0.012	0.888
0.013	0.057	0.761	0.169
0.958	0.003	0.033	0.006
0.567	0.092	0.092	0.249
0.440	0.036	0.060	0.464
0.140	0.034	0.026	0.799
0.099	0.081	0.039	0.781
0.034	0.034	0.006	0.926
0.126	0.771	0.068	0.035
0.654	0.028	0.216	0.102
0.009	0.972	0.007	0.012
