>CCCMTTTCCHGGAAAWCHC	STAT1.STAT/2.STAT	4.124810	-30.629695	0	T:2684.0(27.78%),B:9658.5(24.47%),P:1e-13
0.203	0.426	0.122	0.250
0.096	0.564	0.171	0.169
0.133	0.552	0.112	0.203
0.293	0.355	0.205	0.147
0.088	0.207	0.102	0.604
0.005	0.019	0.007	0.969
0.011	0.009	0.015	0.965
0.033	0.955	0.005	0.007
0.041	0.815	0.005	0.139
0.234	0.303	0.143	0.319
0.268	0.029	0.677	0.027
0.035	0.017	0.797	0.151
0.935	0.041	0.013	0.011
0.979	0.005	0.007	0.009
0.576	0.108	0.232	0.084
0.274	0.197	0.112	0.418
0.060	0.584	0.248	0.108
0.341	0.262	0.070	0.327
0.135	0.531	0.139	0.195
