>BYARCCAATCAGAR	NFYA.NFY.NFY	4.246810	-41.209201	0	T:2248.0(23.26%),B:7757.4(19.65%),P:1e-17
0.124	0.323	0.210	0.343
0.092	0.408	0.124	0.376
0.501	0.102	0.351	0.047
0.374	0.017	0.487	0.122
0.009	0.981	0.003	0.007
0.007	0.977	0.005	0.011
0.991	0.003	0.003	0.003
0.959	0.015	0.021	0.005
0.007	0.023	0.007	0.963
0.145	0.550	0.258	0.047
0.669	0.054	0.262	0.015
0.234	0.179	0.519	0.068
0.576	0.212	0.141	0.070
0.457	0.033	0.394	0.116
