>GATTAATGRSHWWTTAATK	NKX6-1.HD/5.homeodomain	5.868160	-11.946580	0	T:2069.0(21.41%),B:7746.7(19.63%),P:1e-5
0.244	0.120	0.523	0.114
0.700	0.090	0.151	0.058
0.169	0.270	0.094	0.467
0.311	0.052	0.120	0.517
0.604	0.062	0.266	0.068
0.977	0.005	0.011	0.007
0.033	0.049	0.126	0.793
0.045	0.094	0.556	0.305
0.376	0.076	0.398	0.149
0.128	0.335	0.430	0.108
0.333	0.216	0.159	0.291
0.457	0.062	0.108	0.372
0.388	0.058	0.045	0.509
0.297	0.058	0.050	0.594
0.139	0.106	0.054	0.700
0.592	0.110	0.254	0.045
0.971	0.003	0.017	0.009
0.128	0.033	0.072	0.768
0.155	0.094	0.396	0.355
