>GGGGGMTTTCCM	RELB.NFKB/1.NFAT	5.205280	-10.396950	0	T:2771.0(28.68%),B:10599.0(26.85%),P:1e-4
0.271	0.160	0.444	0.125
0.153	0.094	0.696	0.058
0.090	0.058	0.826	0.027
0.184	0.027	0.763	0.027
0.345	0.027	0.601	0.027
0.428	0.416	0.027	0.129
0.062	0.027	0.121	0.790
0.058	0.027	0.153	0.763
0.058	0.141	0.027	0.775
0.153	0.601	0.184	0.062
0.219	0.664	0.090	0.027
0.318	0.369	0.125	0.188
