>VATKGTAATGCAAW	POU3F1.OCT4+SOX2.POU	5.685660	-33.264351	0	T:2204.0(22.81%),B:7736.6(19.60%),P:1e-14
0.314	0.329	0.275	0.083
0.539	0.038	0.250	0.173
0.115	0.038	0.077	0.770
0.115	0.038	0.369	0.477
0.096	0.292	0.477	0.134
0.369	0.038	0.038	0.554
0.550	0.038	0.108	0.304
0.847	0.038	0.038	0.077
0.090	0.051	0.090	0.770
0.115	0.077	0.731	0.077
0.090	0.706	0.167	0.038
0.546	0.038	0.192	0.223
0.536	0.077	0.128	0.259
0.404	0.111	0.219	0.265
