>YTMATGAATATAY	POU1F1.POU/3.POU	5.932860	-4.688572	0	T:2278.0(23.57%),B:8905.8(22.56%),P:1e-2
0.096	0.427	0.132	0.344
0.234	0.152	0.063	0.550
0.388	0.429	0.137	0.046
0.624	0.119	0.022	0.234
0.099	0.022	0.022	0.857
0.037	0.022	0.919	0.022
0.542	0.172	0.146	0.140
0.860	0.022	0.022	0.096
0.270	0.022	0.066	0.642
0.825	0.022	0.051	0.102
0.261	0.022	0.022	0.695
0.509	0.022	0.164	0.305
0.174	0.307	0.141	0.378
