>AWTGATTKATGMA	HOXB6.unclassified.unclassified	5.587110	-36.571783	0	T:2019.0(20.89%),B:6963.7(17.64%),P:1e-15
0.425	0.125	0.230	0.220
0.443	0.149	0.054	0.354
0.054	0.149	0.054	0.742
0.149	0.054	0.742	0.054
0.837	0.054	0.054	0.054
0.054	0.054	0.054	0.837
0.054	0.054	0.054	0.837
0.149	0.054	0.449	0.348
0.742	0.054	0.149	0.054
0.054	0.054	0.054	0.837
0.054	0.054	0.742	0.149
0.443	0.449	0.054	0.054
0.449	0.254	0.149	0.149
