>KKKGGGGGGGYRGG	ZNF740.ZIC/2.C2H2	3.068260	-6.051562	0	T:3850.0(39.84%),B:15170.3(38.44%),P:1e-2
0.225	0.131	0.378	0.266
0.138	0.078	0.415	0.370
0.080	0.048	0.509	0.364
0.019	0.012	0.925	0.045
0.012	0.004	0.960	0.024
0.013	0.003	0.974	0.011
0.013	0.005	0.962	0.020
0.009	0.003	0.963	0.025
0.014	0.002	0.834	0.149
0.001	0.001	0.997	0.001
0.233	0.313	0.018	0.436
0.322	0.086	0.411	0.181
0.215	0.127	0.425	0.233
0.182	0.114	0.430	0.273
