>TGCTTYTAGCYTCTTSC	ZNF418.ZNF418.C2H2	5.047660	-6.446406	0	T:3763.0(38.94%),B:14794.0(37.48%),P:1e-2
0.054	0.015	0.045	0.886
0.041	0.019	0.906	0.035
0.216	0.540	0.021	0.222
0.029	0.058	0.011	0.902
0.005	0.052	0.025	0.918
0.035	0.440	0.060	0.465
0.060	0.286	0.025	0.629
0.578	0.021	0.355	0.047
0.021	0.037	0.629	0.313
0.013	0.665	0.027	0.295
0.013	0.552	0.005	0.430
0.220	0.122	0.141	0.517
0.181	0.641	0.120	0.058
0.157	0.228	0.015	0.600
0.082	0.104	0.286	0.529
0.207	0.374	0.238	0.181
0.129	0.467	0.165	0.238
