>TRGAANSTTCTAGAA	HSF1.HSF.HSF	3.785010	-4.873575	0	T:2817.0(29.15%),B:11065.6(28.04%),P:1e-2
0.149	0.228	0.224	0.398
0.420	0.058	0.487	0.035
0.015	0.009	0.969	0.007
0.941	0.023	0.023	0.013
0.843	0.037	0.056	0.064
0.244	0.189	0.295	0.272
0.157	0.278	0.402	0.163
0.110	0.090	0.062	0.738
0.118	0.019	0.090	0.773
0.054	0.935	0.007	0.003
0.015	0.319	0.035	0.631
0.560	0.062	0.367	0.011
0.009	0.011	0.977	0.003
0.904	0.033	0.033	0.031
0.781	0.068	0.104	0.047
