>AAARAAGGGGGACATGCAGGG	ZNF816.MZF1.C2H2	2.872210	-12.690087	0	T:4198.0(43.44%),B:16249.4(41.17%),P:1e-5
0.554	0.146	0.182	0.118
0.593	0.132	0.189	0.086
0.547	0.132	0.214	0.107
0.375	0.139	0.313	0.173
0.572	0.123	0.203	0.102
0.586	0.091	0.212	0.111
0.180	0.049	0.519	0.251
0.072	0.008	0.902	0.017
0.013	0.003	0.957	0.026
0.010	0.006	0.980	0.003
0.024	0.003	0.969	0.003
0.976	0.006	0.010	0.008
0.095	0.806	0.075	0.024
0.623	0.159	0.107	0.111
0.068	0.084	0.178	0.671
0.054	0.031	0.841	0.075
0.194	0.451	0.086	0.269
0.419	0.180	0.148	0.253
0.203	0.052	0.556	0.189
0.116	0.077	0.760	0.047
0.107	0.084	0.733	0.077
