>ABSYGGCWCGTRRCMT	HESX1.HD/2.homeodomain	4.574260	-10.244630	0	T:3892.0(40.28%),B:15117.6(38.30%),P:1e-4
0.400	0.207	0.196	0.196
0.052	0.256	0.335	0.358
0.052	0.460	0.437	0.052
0.154	0.460	0.052	0.335
0.052	0.052	0.845	0.052
0.165	0.052	0.630	0.154
0.154	0.743	0.052	0.052
0.437	0.154	0.052	0.358
0.369	0.528	0.052	0.052
0.267	0.154	0.426	0.154
0.052	0.142	0.052	0.755
0.358	0.052	0.426	0.165
0.346	0.142	0.460	0.052
0.267	0.426	0.154	0.154
0.346	0.358	0.142	0.154
0.077	0.179	0.168	0.576
