>AACAMTGMAATTGTTY	SOX11.SOX/4.HMG	3.087060	-18.472293	0	T:2135.0(22.09%),B:7807.9(19.78%),P:1e-8
0.589	0.159	0.181	0.070
0.850	0.056	0.029	0.065
0.030	0.882	0.048	0.039
0.889	0.033	0.024	0.055
0.545	0.421	0.017	0.017
0.009	0.014	0.009	0.968
0.273	0.043	0.677	0.007
0.388	0.414	0.077	0.121
0.614	0.321	0.006	0.059
0.982	0.006	0.006	0.006
0.006	0.037	0.006	0.951
0.006	0.024	0.006	0.964
0.020	0.043	0.930	0.007
0.061	0.057	0.008	0.873
0.050	0.148	0.139	0.663
0.155	0.350	0.186	0.310
