>GGTDGGGWAACCCS	HIVEP2.unclassified.unclassified	4.699160	-8.826758	0	T:3883.0(40.18%),B:15149.5(38.38%),P:1e-3
0.114	0.070	0.571	0.246
0.081	0.213	0.503	0.204
0.169	0.301	0.037	0.494
0.322	0.081	0.292	0.305
0.147	0.213	0.450	0.191
0.213	0.037	0.713	0.037
0.213	0.037	0.713	0.037
0.415	0.191	0.037	0.358
0.801	0.081	0.081	0.037
0.722	0.037	0.116	0.125
0.037	0.520	0.248	0.195
0.180	0.417	0.180	0.224
0.081	0.538	0.344	0.037
0.059	0.503	0.380	0.059
