>CCCAGGGAAGCCATTTCTGA	ZNF528.ZNF528.C2H2	2.104060	-38.726065	0	T:3393.0(35.11%),B:12271.0(31.09%),P:1e-16
0.206	0.468	0.163	0.163
0.206	0.436	0.179	0.179
0.277	0.452	0.155	0.115
0.707	0.057	0.176	0.060
0.168	0.030	0.723	0.078
0.049	0.007	0.938	0.007
0.062	0.007	0.927	0.004
0.962	0.017	0.012	0.009
0.903	0.017	0.068	0.012
0.007	0.009	0.959	0.025
0.049	0.532	0.081	0.338
0.147	0.826	0.012	0.015
0.877	0.030	0.068	0.025
0.025	0.147	0.025	0.803
0.025	0.131	0.025	0.818
0.009	0.152	0.147	0.691
0.015	0.940	0.009	0.036
0.038	0.176	0.020	0.765
0.094	0.272	0.463	0.171
0.527	0.134	0.166	0.174
