>KCRCAGCGGGGGGTC	ZIC4.ZIC.C2H2	0.199060	-44.395864	0	T:4890.0(50.61%),B:18150.8(45.99%),P:1e-19
0.205	0.099	0.383	0.314
0.136	0.680	0.101	0.083
0.406	0.074	0.362	0.157
0.004	0.982	0.004	0.010
0.665	0.159	0.080	0.096
0.220	0.008	0.771	0.001
0.001	0.884	0.001	0.113
0.164	0.001	0.834	0.001
0.001	0.001	0.994	0.004
0.001	0.001	0.997	0.001
0.017	0.008	0.925	0.050
0.006	0.007	0.932	0.054
0.070	0.069	0.774	0.087
0.077	0.175	0.128	0.620
0.228	0.493	0.160	0.119
