>KRAATTGATTGATKS	PBX2.HD/16.homeodomain	5.749560	-16.228572	0	T:2044.0(21.15%),B:7513.8(19.04%),P:1e-7
0.068	0.161	0.336	0.435
0.412	0.121	0.357	0.110
0.499	0.214	0.209	0.077
0.483	0.176	0.083	0.258
0.083	0.077	0.313	0.527
0.083	0.077	0.034	0.806
0.077	0.034	0.740	0.149
0.719	0.034	0.171	0.077
0.034	0.176	0.034	0.757
0.127	0.034	0.034	0.806
0.034	0.034	0.713	0.220
0.647	0.061	0.127	0.165
0.269	0.132	0.034	0.565
0.176	0.034	0.412	0.379
0.182	0.236	0.379	0.203
