>TBYCTTTGATSTB	TCF7L1.TCF/LEF.HMG	5.821865	-19.769588	0	T:2494.0(25.81%),B:9182.2(23.26%),P:1e-8
0.240	0.139	0.222	0.398
0.080	0.280	0.329	0.311
0.112	0.406	0.212	0.270
0.025	0.797	0.050	0.128
0.009	0.049	0.005	0.937
0.003	0.054	0.015	0.928
0.013	0.003	0.013	0.971
0.045	0.175	0.714	0.066
0.886	0.023	0.021	0.070
0.369	0.009	0.015	0.608
0.082	0.380	0.493	0.045
0.173	0.100	0.056	0.671
0.074	0.307	0.274	0.345
