>YCCTTTGTTCYY	SOX4.SOX/4.HMG	5.609500	-21.052193	0	T:3930.0(40.67%),B:14867.6(37.67%),P:1e-9
0.043	0.333	0.236	0.388
0.021	0.529	0.124	0.327
0.009	0.797	0.011	0.183
0.108	0.033	0.013	0.847
0.007	0.019	0.039	0.935
0.005	0.015	0.029	0.951
0.025	0.094	0.841	0.041
0.015	0.023	0.017	0.945
0.017	0.333	0.122	0.529
0.031	0.570	0.090	0.309
0.058	0.361	0.163	0.418
0.122	0.378	0.207	0.293
