>RGACTTTTATTTTGAAA	MYNN.unclassified.unclassified	5.035460	-5.068242	0	T:2150.0(22.25%),B:8368.3(21.20%),P:1e-2
0.321	0.050	0.448	0.181
0.106	0.058	0.768	0.069
0.555	0.039	0.348	0.058
0.028	0.953	0.015	0.004
0.004	0.020	0.017	0.959
0.034	0.343	0.058	0.566
0.034	0.095	0.044	0.827
0.044	0.015	0.015	0.926
0.878	0.034	0.039	0.050
0.243	0.095	0.028	0.633
0.052	0.098	0.136	0.714
0.106	0.165	0.163	0.566
0.106	0.128	0.063	0.703
0.163	0.074	0.647	0.117
0.523	0.082	0.227	0.168
0.555	0.227	0.085	0.133
0.577	0.095	0.235	0.093
