>MGKRTTATGGGAAA	ZNF282.ZNF282.C2H2	5.234210	-11.653806	0	T:2894.0(29.95%),B:11039.7(27.97%),P:1e-5
0.288	0.389	0.162	0.162
0.218	0.042	0.673	0.067
0.136	0.035	0.389	0.439
0.402	0.023	0.477	0.098
0.073	0.023	0.124	0.781
0.149	0.149	0.174	0.528
0.553	0.023	0.402	0.023
0.098	0.048	0.174	0.679
0.124	0.023	0.806	0.048
0.073	0.250	0.629	0.048
0.275	0.023	0.654	0.048
0.837	0.029	0.054	0.079
0.541	0.111	0.313	0.035
0.597	0.067	0.143	0.193
