>RAACAATGKTAKTGTT	SOX21.SOX/4.HMG	3.943160	-14.961013	0	T:2079.0(21.52%),B:7688.8(19.48%),P:1e-6
0.361	0.132	0.342	0.165
0.603	0.131	0.172	0.095
0.592	0.034	0.116	0.257
0.029	0.700	0.206	0.065
0.980	0.002	0.014	0.004
0.969	0.001	0.011	0.019
0.003	0.002	0.017	0.978
0.004	0.002	0.731	0.263
0.097	0.075	0.449	0.379
0.031	0.349	0.016	0.603
0.964	0.008	0.019	0.009
0.015	0.009	0.414	0.562
0.018	0.011	0.024	0.947
0.072	0.197	0.703	0.028
0.263	0.020	0.040	0.678
0.107	0.183	0.199	0.511
