>GCCTAATAAGBAGGYACAGC	ZNF708.ZNF708.C2H2	2.812810	-12.228369	0	T:4033.0(41.74%),B:15600.9(39.53%),P:1e-5
0.171	0.136	0.574	0.119
0.207	0.445	0.221	0.127
0.237	0.495	0.152	0.116
0.212	0.190	0.111	0.486
0.577	0.168	0.122	0.133
0.555	0.078	0.245	0.122
0.204	0.133	0.201	0.462
0.593	0.171	0.152	0.084
0.643	0.086	0.237	0.034
0.275	0.040	0.541	0.144
0.155	0.311	0.259	0.275
0.925	0.004	0.045	0.026
0.012	0.007	0.971	0.010
0.020	0.045	0.919	0.015
0.040	0.418	0.010	0.533
0.933	0.026	0.029	0.012
0.010	0.862	0.023	0.105
0.911	0.010	0.064	0.015
0.042	0.010	0.936	0.012
0.086	0.826	0.029	0.059
