>TGTTTATGTAAMTK	TEF.CCAAT/CEBP.bZIP	5.393260	-9.991207	0	T:2409.0(24.93%),B:9169.1(23.23%),P:1e-4
0.080	0.151	0.080	0.688
0.167	0.040	0.683	0.110
0.231	0.103	0.216	0.450
0.040	0.040	0.040	0.881
0.231	0.040	0.245	0.485
0.832	0.040	0.089	0.040
0.103	0.273	0.040	0.584
0.301	0.040	0.570	0.089
0.040	0.075	0.167	0.718
0.563	0.245	0.103	0.089
0.627	0.040	0.167	0.167
0.400	0.301	0.195	0.103
0.075	0.209	0.167	0.549
0.192	0.064	0.397	0.347
