>YTAATTAGYTWAWWWWD	SHOX.HD/2.homeodomain	3.249510	-23.301869	0	T:2214.0(22.91%),B:7992.4(20.25%),P:1e-10
0.079	0.394	0.134	0.393
0.014	0.022	0.013	0.951
0.997	0.001	0.001	0.001
0.997	0.001	0.001	0.001
0.001	0.001	0.001	0.997
0.001	0.001	0.001	0.997
0.590	0.001	0.408	0.001
0.316	0.133	0.534	0.017
0.105	0.348	0.120	0.427
0.159	0.241	0.104	0.496
0.422	0.192	0.069	0.317
0.549	0.090	0.026	0.335
0.453	0.018	0.005	0.524
0.431	0.005	0.005	0.559
0.445	0.022	0.046	0.487
0.341	0.074	0.116	0.469
0.304	0.136	0.206	0.354
