>GRGGTGTTCTGTTAACACTW	ZSCAN16.unclassified.unclassified	3.900610	-18.386580	0	T:2582.0(26.72%),B:9569.8(24.25%),P:1e-7
0.250	0.173	0.403	0.173
0.403	0.173	0.288	0.135
0.059	0.135	0.671	0.135
0.145	0.030	0.795	0.030
0.030	0.068	0.145	0.757
0.068	0.030	0.872	0.030
0.068	0.336	0.068	0.527
0.030	0.030	0.068	0.872
0.068	0.795	0.030	0.107
0.260	0.030	0.107	0.604
0.145	0.030	0.795	0.030
0.030	0.068	0.107	0.795
0.068	0.068	0.068	0.795
0.757	0.145	0.068	0.030
0.872	0.030	0.068	0.030
0.030	0.795	0.068	0.107
0.719	0.030	0.107	0.145
0.260	0.451	0.107	0.183
0.212	0.173	0.135	0.480
0.355	0.126	0.164	0.355
