>DGWAGGGAAATKCCA	REL.NFKB/3.NFAT	5.335260	-29.313391	0	T:3097.0(32.05%),B:11314.6(28.67%),P:1e-12
0.307	0.089	0.258	0.346
0.275	0.171	0.477	0.078
0.417	0.144	0.122	0.318
0.477	0.045	0.302	0.176
0.144	0.013	0.799	0.045
0.018	0.007	0.962	0.013
0.089	0.007	0.886	0.018
0.608	0.023	0.346	0.023
0.897	0.013	0.067	0.023
0.689	0.034	0.100	0.176
0.089	0.138	0.165	0.608
0.018	0.215	0.329	0.438
0.198	0.673	0.051	0.078
0.105	0.744	0.116	0.034
0.651	0.116	0.105	0.127
