>GKGATTTAACATAAT	CDC5L.unclassified.unclassified	5.313860	-5.856640	0	T:2065.0(21.37%),B:7984.1(20.23%),P:1e-2
0.169	0.169	0.575	0.087
0.047	0.209	0.372	0.372
0.209	0.047	0.697	0.047
0.453	0.128	0.128	0.291
0.047	0.128	0.291	0.534
0.209	0.047	0.209	0.534
0.128	0.047	0.047	0.778
0.778	0.047	0.128	0.047
0.697	0.047	0.047	0.209
0.128	0.534	0.047	0.291
0.534	0.047	0.291	0.128
0.209	0.128	0.047	0.616
0.697	0.128	0.128	0.047
0.534	0.047	0.128	0.291
0.108	0.270	0.189	0.433
