>BCCTTTGTNATGCAAAT	NANOG.OCT4+SOX2.POU	5.743160	-7.009682	0	T:2468.0(25.54%),B:9539.0(24.17%),P:1e-3
0.130	0.258	0.280	0.332
0.047	0.484	0.179	0.290
0.090	0.508	0.072	0.330
0.306	0.047	0.062	0.585
0.015	0.062	0.045	0.878
0.070	0.011	0.041	0.878
0.112	0.249	0.585	0.055
0.375	0.045	0.039	0.541
0.231	0.260	0.193	0.316
0.801	0.037	0.043	0.120
0.070	0.017	0.033	0.880
0.029	0.021	0.805	0.146
0.031	0.631	0.118	0.221
0.676	0.035	0.019	0.270
0.658	0.053	0.241	0.049
0.799	0.051	0.070	0.080
0.142	0.152	0.201	0.506
