>GGGYCTGGYTTNTSTCA	HAND1.HAND1.bHLH	4.808610	-14.181063	0	T:4144.0(42.89%),B:15970.5(40.46%),P:1e-6
0.242	0.116	0.438	0.205
0.155	0.133	0.493	0.218
0.137	0.266	0.450	0.147
0.041	0.400	0.054	0.505
0.027	0.939	0.009	0.025
0.019	0.003	0.003	0.975
0.005	0.005	0.979	0.011
0.005	0.224	0.610	0.161
0.183	0.303	0.128	0.386
0.193	0.252	0.096	0.459
0.335	0.104	0.031	0.531
0.179	0.222	0.291	0.307
0.052	0.236	0.076	0.635
0.171	0.311	0.396	0.122
0.027	0.029	0.037	0.908
0.023	0.860	0.052	0.064
0.608	0.110	0.039	0.244
