>TBYTAATTAGTT	LHX2.HD/2.homeodomain	5.846220	-104.997955	0	T:2405.0(24.89%),B:7498.8(19.00%),P:1e-45
0.134	0.178	0.237	0.451
0.095	0.263	0.318	0.325
0.114	0.430	0.020	0.437
0.031	0.015	0.003	0.951
0.767	0.178	0.042	0.013
0.948	0.031	0.006	0.015
0.003	0.024	0.024	0.948
0.013	0.017	0.237	0.733
0.574	0.010	0.352	0.063
0.173	0.226	0.490	0.111
0.178	0.242	0.127	0.453
0.091	0.214	0.242	0.453
