>RTAATTRVATTA	ALX1.HD/8.homeodomain	5.600010	-18.539604	0	T:2000.0(20.70%),B:7277.1(18.44%),P:1e-8
0.418	0.213	0.271	0.098
0.083	0.111	0.025	0.781
0.720	0.054	0.115	0.111
0.807	0.083	0.025	0.086
0.025	0.111	0.025	0.839
0.054	0.230	0.140	0.576
0.461	0.025	0.489	0.025
0.345	0.256	0.345	0.054
0.723	0.025	0.140	0.111
0.115	0.025	0.054	0.807
0.083	0.054	0.054	0.810
0.771	0.076	0.076	0.076
