>RAAAGAGGAASTGAAASY	IRF4.IRF/2.IRF	4.019410	-19.942570	0	T:4053.0(41.94%),B:15398.7(39.02%),P:1e-8
0.353	0.177	0.323	0.147
0.527	0.114	0.193	0.167
0.647	0.074	0.114	0.165
0.485	0.062	0.195	0.258
0.236	0.128	0.570	0.066
0.509	0.147	0.303	0.041
0.214	0.007	0.754	0.025
0.033	0.019	0.943	0.005
0.961	0.021	0.007	0.011
0.951	0.007	0.013	0.029
0.060	0.436	0.477	0.027
0.070	0.086	0.025	0.819
0.039	0.019	0.935	0.007
0.892	0.007	0.086	0.015
0.687	0.031	0.260	0.023
0.928	0.035	0.021	0.017
0.169	0.442	0.349	0.041
0.209	0.276	0.096	0.420
