>TTGGCANGNTGCCAR	NFIA.NFI/3.NFI	4.937960	-95.253003	0	T:4062.0(42.04%),B:13957.9(35.36%),P:1e-41
0.148	0.215	0.111	0.526
0.038	0.035	0.073	0.853
0.050	0.014	0.864	0.072
0.070	0.035	0.841	0.054
0.114	0.710	0.118	0.058
0.411	0.250	0.125	0.213
0.216	0.326	0.208	0.251
0.365	0.007	0.621	0.007
0.231	0.219	0.342	0.208
0.301	0.134	0.105	0.460
0.079	0.073	0.725	0.122
0.064	0.800	0.067	0.069
0.061	0.825	0.062	0.051
0.767	0.068	0.074	0.090
0.436	0.093	0.353	0.118
