>YTAATTAGYNHWWWWTW	GBX1.HD/2.homeodomain	5.156210	-51.027451	0	T:1815.0(18.78%),B:5962.5(15.11%),P:1e-22
0.123	0.376	0.205	0.297
0.040	0.109	0.037	0.814
0.988	0.004	0.006	0.003
0.997	0.001	0.001	0.001
0.001	0.001	0.001	0.997
0.001	0.005	0.007	0.987
0.644	0.001	0.354	0.001
0.263	0.214	0.477	0.046
0.115	0.379	0.171	0.334
0.198	0.304	0.194	0.305
0.337	0.249	0.115	0.300
0.423	0.158	0.065	0.355
0.459	0.069	0.028	0.444
0.518	0.028	0.019	0.435
0.447	0.030	0.031	0.491
0.318	0.067	0.092	0.524
0.296	0.130	0.190	0.383
