>AWSTRGGKCAAAGGTCA	PPARG.NR/3.nuclearreceptor	4.876210	-6.760299	0	T:3716.0(38.46%),B:14584.8(36.95%),P:1e-2
0.467	0.254	0.165	0.114
0.485	0.029	0.128	0.359
0.094	0.359	0.416	0.131
0.112	0.124	0.209	0.556
0.386	0.025	0.532	0.056
0.070	0.003	0.833	0.094
0.129	0.029	0.793	0.049
0.102	0.124	0.428	0.347
0.058	0.548	0.301	0.092
0.890	0.021	0.070	0.019
0.570	0.050	0.333	0.047
0.783	0.009	0.199	0.009
0.074	0.009	0.884	0.033
0.070	0.007	0.797	0.126
0.054	0.078	0.319	0.548
0.122	0.613	0.179	0.086
0.748	0.062	0.118	0.072
