>RAAAGAGGAAGTGARAR	BCL11A.IRF/2.IRF	5.720260	-22.237079	0	T:4546.0(47.05%),B:17320.9(43.89%),P:1e-9
0.374	0.185	0.286	0.155
0.547	0.101	0.224	0.127
0.497	0.144	0.231	0.128
0.586	0.019	0.226	0.168
0.188	0.162	0.576	0.074
0.660	0.017	0.269	0.054
0.106	0.017	0.822	0.055
0.201	0.035	0.752	0.011
0.872	0.046	0.051	0.031
0.860	0.009	0.058	0.073
0.248	0.226	0.499	0.026
0.151	0.156	0.034	0.658
0.119	0.075	0.754	0.052
0.654	0.067	0.251	0.029
0.456	0.145	0.309	0.090
0.618	0.081	0.158	0.142
0.358	0.205	0.317	0.120
