>WAATTTGCATATTCAT	POU5F1B.POU/1.POU	4.237460	-14.174286	0	T:2189.0(22.65%),B:8147.0(20.64%),P:1e-6
0.253	0.157	0.199	0.391
0.436	0.245	0.180	0.139
0.788	0.053	0.032	0.126
0.034	0.076	0.026	0.864
0.160	0.017	0.011	0.813
0.155	0.006	0.007	0.832
0.069	0.007	0.916	0.008
0.115	0.877	0.006	0.003
0.984	0.004	0.007	0.005
0.025	0.010	0.004	0.961
0.937	0.011	0.038	0.014
0.143	0.088	0.020	0.749
0.136	0.051	0.258	0.555
0.099	0.563	0.041	0.297
0.659	0.055	0.068	0.219
0.295	0.091	0.105	0.509
