>ATGATTTATGRB	MEIS1.HD/14.homeodomain	5.426570	-27.026064	0	T:2110.0(21.84%),B:7502.4(19.01%),P:1e-11
0.439	0.128	0.252	0.181
0.189	0.005	0.019	0.787
0.076	0.023	0.876	0.025
0.971	0.009	0.009	0.011
0.035	0.041	0.041	0.884
0.130	0.013	0.108	0.749
0.193	0.035	0.260	0.512
0.967	0.007	0.019	0.007
0.037	0.072	0.033	0.858
0.155	0.047	0.528	0.270
0.304	0.066	0.442	0.187
0.126	0.373	0.256	0.245
