>ARAAAGAGGAAGTGARA	SPIB.SPI.ETS	2.809310	-56.328909	0	T:4386.0(45.39%),B:15872.5(40.22%),P:1e-24
0.402	0.187	0.248	0.163
0.457	0.118	0.347	0.078
0.746	0.035	0.120	0.100
0.712	0.035	0.175	0.078
0.663	0.017	0.104	0.216
0.165	0.054	0.766	0.015
0.653	0.076	0.260	0.011
0.078	0.003	0.916	0.003
0.003	0.003	0.991	0.003
0.991	0.003	0.003	0.003
0.981	0.003	0.005	0.011
0.025	0.207	0.764	0.005
0.019	0.011	0.017	0.953
0.007	0.050	0.934	0.009
0.576	0.108	0.268	0.049
0.461	0.120	0.313	0.106
0.536	0.120	0.205	0.139
