>GCCTSRHCTAATCAGKTGAAGG	ZNF134.ZNF134.C2H2	3.351960	-5.246357	0	T:3326.0(34.42%),B:13098.4(33.19%),P:1e-2
0.098	0.126	0.637	0.139
0.165	0.558	0.126	0.151
0.222	0.523	0.157	0.098
0.159	0.114	0.151	0.576
0.145	0.357	0.319	0.179
0.395	0.179	0.296	0.130
0.239	0.387	0.100	0.274
0.152	0.598	0.085	0.166
0.051	0.288	0.049	0.612
0.517	0.343	0.071	0.069
0.924	0.013	0.047	0.015
0.015	0.031	0.223	0.731
0.011	0.922	0.033	0.033
0.934	0.015	0.037	0.013
0.013	0.009	0.894	0.083
0.051	0.087	0.426	0.436
0.059	0.079	0.189	0.673
0.134	0.013	0.813	0.039
0.721	0.203	0.059	0.017
0.511	0.108	0.140	0.241
0.039	0.083	0.843	0.035
0.114	0.134	0.701	0.051
