>WWWWWDNVNTAATTA	DLX6.HD/2.homeodomain	5.958510	-64.179380	0	T:1789.0(18.51%),B:5693.5(14.43%),P:1e-27
0.399	0.129	0.104	0.368
0.481	0.074	0.068	0.377
0.437	0.069	0.097	0.398
0.347	0.085	0.129	0.439
0.293	0.106	0.188	0.413
0.326	0.119	0.257	0.298
0.310	0.199	0.303	0.188
0.216	0.217	0.359	0.208
0.228	0.209	0.311	0.253
0.010	0.229	0.004	0.757
0.953	0.009	0.029	0.009
0.983	0.010	0.003	0.003
0.005	0.007	0.007	0.981
0.021	0.017	0.036	0.926
0.657	0.018	0.293	0.033
