>CCTAGATGGCAGGTGGG	ZBTB4.unclassified.unclassified	2.718560	-6.099395	0	T:4189.0(43.35%),B:16544.1(41.92%),P:1e-2
0.114	0.658	0.114	0.114
0.032	0.865	0.070	0.032
0.207	0.120	0.108	0.565
0.827	0.108	0.032	0.032
0.032	0.032	0.755	0.180
0.816	0.120	0.032	0.032
0.032	0.032	0.257	0.679
0.032	0.070	0.717	0.180
0.032	0.032	0.854	0.082
0.257	0.679	0.032	0.032
0.591	0.082	0.120	0.207
0.032	0.032	0.854	0.082
0.032	0.032	0.766	0.169
0.032	0.207	0.032	0.728
0.082	0.032	0.854	0.032
0.032	0.032	0.903	0.032
0.089	0.089	0.732	0.089
