>GAAARGGAAAGRGAAAGDGA	IRF3.IRF/2.IRF	5.207560	-6.105075	0	T:4039.0(41.80%),B:15934.2(40.37%),P:1e-2
0.299	0.080	0.511	0.110
0.600	0.047	0.299	0.054
0.673	0.068	0.214	0.045
0.714	0.076	0.112	0.098
0.305	0.110	0.453	0.131
0.224	0.056	0.554	0.165
0.203	0.056	0.726	0.015
0.813	0.021	0.149	0.017
0.809	0.039	0.128	0.025
0.892	0.019	0.033	0.056
0.224	0.262	0.444	0.070
0.291	0.090	0.400	0.218
0.201	0.009	0.777	0.013
0.669	0.027	0.290	0.015
0.872	0.039	0.074	0.015
0.934	0.007	0.043	0.017
0.098	0.313	0.544	0.045
0.266	0.143	0.274	0.317
0.228	0.124	0.582	0.066
0.677	0.072	0.179	0.072
