>GRRGGMAGGAAGGRRGGR	FLI1.ETS/1.ETS	4.108460	-46.621168	0	T:5530.0(57.23%),B:20720.5(52.50%),P:1e-20
0.210	0.228	0.438	0.124
0.315	0.150	0.430	0.104
0.444	0.089	0.373	0.094
0.202	0.057	0.649	0.093
0.299	0.039	0.631	0.031
0.420	0.387	0.184	0.009
0.907	0.037	0.043	0.013
0.007	0.007	0.973	0.013
0.005	0.015	0.977	0.003
0.929	0.021	0.047	0.003
0.949	0.005	0.029	0.017
0.148	0.031	0.816	0.005
0.136	0.172	0.498	0.194
0.408	0.126	0.401	0.065
0.393	0.079	0.472	0.057
0.301	0.122	0.506	0.071
0.242	0.152	0.526	0.081
0.387	0.132	0.363	0.118
