>YTAATTASTTTTTA	HOXB3.HD/2.homeodomain	5.906260	-53.199793	0	T:2170.0(22.46%),B:7265.6(18.41%),P:1e-23
0.118	0.341	0.110	0.430
0.060	0.057	0.046	0.837
0.882	0.039	0.042	0.036
0.997	0.001	0.001	0.001
0.001	0.006	0.006	0.986
0.006	0.031	0.278	0.685
0.686	0.015	0.268	0.031
0.100	0.376	0.417	0.106
0.156	0.281	0.115	0.448
0.206	0.158	0.150	0.486
0.244	0.132	0.080	0.544
0.212	0.097	0.063	0.628
0.221	0.093	0.081	0.604
0.438	0.154	0.128	0.280
