>AACAMTGMAATTGTTT	SOX7.SOX/6.HMG	0.268860	-14.531163	0	T:2066.0(21.38%),B:7650.5(19.38%),P:1e-6
0.751	0.088	0.113	0.048
0.942	0.013	0.013	0.032
0.012	0.953	0.015	0.020
0.965	0.012	0.012	0.012
0.504	0.484	0.006	0.006
0.004	0.004	0.004	0.987
0.285	0.005	0.707	0.002
0.444	0.370	0.032	0.154
0.604	0.271	0.004	0.121
0.993	0.002	0.002	0.002
0.007	0.019	0.002	0.972
0.002	0.002	0.002	0.993
0.011	0.006	0.976	0.007
0.021	0.007	0.007	0.965
0.038	0.096	0.078	0.788
0.142	0.249	0.128	0.481
