>TGTTTGCTTTGB	FOXM1.FOX/4.forkhead	5.701520	-40.307337	0	T:3361.0(34.78%),B:12110.9(30.69%),P:1e-17
0.058	0.027	0.037	0.878
0.252	0.025	0.710	0.013
0.029	0.033	0.058	0.880
0.003	0.070	0.064	0.862
0.005	0.005	0.074	0.916
0.319	0.056	0.584	0.041
0.076	0.740	0.021	0.163
0.246	0.161	0.041	0.552
0.050	0.290	0.143	0.517
0.359	0.041	0.031	0.570
0.110	0.161	0.444	0.286
0.167	0.341	0.258	0.234
