>RRGSAGGAAGTGRR	ETV5.ETS/1.ETS	5.510960	-109.435672	0	T:5425.0(56.14%),B:19238.4(48.74%),P:1e-47
0.327	0.181	0.380	0.112
0.453	0.090	0.327	0.129
0.297	0.100	0.491	0.112
0.201	0.416	0.345	0.039
0.833	0.039	0.086	0.043
0.019	0.009	0.953	0.019
0.047	0.019	0.928	0.007
0.787	0.070	0.104	0.039
0.937	0.009	0.015	0.039
0.371	0.064	0.544	0.021
0.228	0.102	0.232	0.438
0.218	0.108	0.534	0.139
0.404	0.122	0.384	0.090
0.272	0.216	0.372	0.139
