>RKGGBDATCGATGK	CUX1.CUX/3.CUT	4.817460	-9.309849	0	T:1807.0(18.70%),B:6805.8(17.24%),P:1e-4
0.459	0.146	0.318	0.077
0.131	0.204	0.370	0.295
0.310	0.144	0.503	0.043
0.201	0.244	0.444	0.112
0.161	0.284	0.317	0.238
0.270	0.081	0.347	0.302
0.916	0.021	0.042	0.021
0.021	0.034	0.011	0.934
0.011	0.656	0.052	0.281
0.140	0.052	0.736	0.072
0.669	0.011	0.268	0.052
0.023	0.033	0.011	0.934
0.079	0.259	0.496	0.167
0.133	0.186	0.383	0.297
