>CACAAGGGARTAARGCACCATGAG	ZNF41.ZNF41.C2H2	3.174810	-5.970592	0	T:3883.0(40.18%),B:15309.2(38.79%),P:1e-2
0.255	0.497	0.128	0.120
0.706	0.103	0.134	0.058
0.108	0.714	0.075	0.103
0.737	0.066	0.142	0.055
0.703	0.013	0.249	0.035
0.072	0.024	0.861	0.044
0.114	0.038	0.779	0.069
0.390	0.013	0.590	0.007
0.937	0.013	0.032	0.018
0.441	0.077	0.463	0.018
0.227	0.199	0.120	0.455
0.430	0.218	0.204	0.148
0.523	0.120	0.255	0.103
0.354	0.041	0.494	0.111
0.249	0.215	0.410	0.125
0.058	0.737	0.120	0.086
0.957	0.010	0.021	0.013
0.041	0.900	0.049	0.010
0.232	0.686	0.027	0.055
0.821	0.015	0.125	0.038
0.120	0.052	0.117	0.711
0.100	0.173	0.641	0.086
0.700	0.049	0.122	0.128
0.156	0.086	0.647	0.111
