>TAATTTGCATAATTWAW	POU3F4.POU/1.POU	4.148810	-12.986857	0	T:2362.0(24.44%),B:8870.9(22.48%),P:1e-5
0.243	0.099	0.116	0.542
0.474	0.246	0.095	0.186
0.717	0.055	0.081	0.146
0.050	0.099	0.039	0.812
0.295	0.021	0.043	0.641
0.256	0.036	0.003	0.705
0.069	0.010	0.916	0.005
0.055	0.941	0.001	0.003
0.992	0.003	0.002	0.003
0.003	0.001	0.001	0.995
0.952	0.003	0.011	0.034
0.736	0.024	0.004	0.236
0.274	0.041	0.035	0.650
0.134	0.143	0.114	0.608
0.389	0.123	0.098	0.389
0.493	0.115	0.151	0.241
0.251	0.169	0.184	0.396
