>TGARSACCTACTGTGTGCH	ZKSCAN1.ZKSCAN1.C2H2	2.914960	-8.777518	0	T:3588.0(37.13%),B:13958.1(35.37%),P:1e-3
0.274	0.126	0.155	0.446
0.236	0.141	0.515	0.108
0.434	0.222	0.104	0.240
0.307	0.102	0.455	0.135
0.112	0.284	0.422	0.183
0.416	0.232	0.173	0.179
0.031	0.926	0.025	0.019
0.056	0.872	0.007	0.064
0.007	0.177	0.050	0.766
0.910	0.041	0.025	0.025
0.021	0.918	0.045	0.017
0.041	0.025	0.009	0.926
0.380	0.037	0.572	0.011
0.135	0.052	0.102	0.710
0.003	0.041	0.937	0.019
0.025	0.143	0.062	0.770
0.066	0.047	0.813	0.074
0.098	0.679	0.076	0.147
0.236	0.359	0.092	0.313
