>GTMAATATTTACATAAS	FOXB1.FOX/9.forkhead	3.121160	-13.127740	0	T:2458.0(25.44%),B:9246.7(23.43%),P:1e-5
0.219	0.163	0.422	0.196
0.089	0.144	0.226	0.541
0.354	0.384	0.161	0.101
0.802	0.055	0.057	0.086
0.724	0.083	0.030	0.164
0.004	0.004	0.016	0.976
0.646	0.001	0.350	0.003
0.014	0.001	0.010	0.976
0.014	0.001	0.027	0.958
0.003	0.001	0.279	0.716
0.959	0.001	0.039	0.001
0.003	0.897	0.011	0.089
0.774	0.014	0.034	0.177
0.031	0.144	0.030	0.795
0.717	0.017	0.044	0.222
0.573	0.063	0.256	0.107
0.124	0.357	0.327	0.192
