>TTRGGTTTCTGTTGCTTGY	ZIM3.ZIM3.C2H2	3.027360	-5.536898	0	T:3426.0(35.45%),B:13484.1(34.16%),P:1e-2
0.129	0.152	0.257	0.462
0.125	0.085	0.244	0.546
0.418	0.039	0.466	0.077
0.024	0.005	0.902	0.068
0.196	0.194	0.431	0.179
0.139	0.056	0.022	0.783
0.005	0.005	0.003	0.986
0.014	0.016	0.064	0.906
0.003	0.990	0.003	0.003
0.003	0.003	0.003	0.990
0.005	0.024	0.940	0.030
0.039	0.012	0.003	0.946
0.003	0.007	0.003	0.986
0.215	0.085	0.431	0.269
0.131	0.481	0.116	0.271
0.110	0.292	0.072	0.525
0.196	0.133	0.196	0.475
0.152	0.181	0.437	0.230
0.133	0.408	0.116	0.343
