>GGTAATTAGSGTHAWW	MEOX1.HD/2.homeodomain	4.978010	-6.031713	0	T:2002.0(20.72%),B:7723.3(19.57%),P:1e-2
0.223	0.162	0.453	0.162
0.181	0.196	0.411	0.212
0.027	0.043	0.027	0.903
0.857	0.073	0.027	0.043
0.953	0.016	0.016	0.016
0.016	0.016	0.016	0.953
0.016	0.016	0.062	0.907
0.937	0.016	0.031	0.016
0.123	0.246	0.507	0.123
0.047	0.400	0.338	0.215
0.246	0.062	0.553	0.139
0.093	0.108	0.292	0.507
0.296	0.235	0.096	0.373
0.653	0.070	0.023	0.254
0.515	0.023	0.039	0.423
0.388	0.127	0.081	0.404
