>BCCTTTSWWNTBYH	LEF1.TCF/LEF.HMG	6.061060	-7.081811	0	T:3398.0(35.17%),B:13279.3(33.65%),P:1e-3
0.079	0.261	0.274	0.386
0.036	0.631	0.185	0.148
0.021	0.702	0.016	0.261
0.124	0.049	0.023	0.804
0.005	0.140	0.038	0.817
0.005	0.016	0.036	0.942
0.047	0.423	0.516	0.014
0.453	0.140	0.018	0.388
0.278	0.168	0.159	0.395
0.285	0.192	0.202	0.321
0.044	0.131	0.150	0.674
0.042	0.311	0.382	0.265
0.118	0.458	0.092	0.332
0.313	0.222	0.105	0.360
