>TCACTGCAATTGATKY	SOX8.SOX/6.HMG	4.409710	-10.828290	0	T:2202.0(22.79%),B:8313.5(21.06%),P:1e-4
0.326	0.075	0.067	0.532
0.166	0.492	0.273	0.069
0.819	0.080	0.050	0.051
0.101	0.810	0.042	0.047
0.011	0.015	0.008	0.966
0.152	0.034	0.806	0.009
0.287	0.456	0.122	0.134
0.799	0.193	0.001	0.007
0.968	0.023	0.001	0.007
0.012	0.032	0.001	0.955
0.001	0.022	0.001	0.976
0.016	0.270	0.569	0.145
0.642	0.025	0.013	0.319
0.024	0.136	0.063	0.777
0.158	0.183	0.369	0.291
0.177	0.376	0.134	0.313
