>YTAATTAGHWTTTAAT	GSX2.HD/2.homeodomain	5.859310	-12.921756	0	T:1983.0(20.52%),B:7374.7(18.69%),P:1e-5
0.153	0.320	0.157	0.370
0.067	0.058	0.021	0.854
0.881	0.028	0.048	0.042
0.990	0.002	0.005	0.003
0.026	0.054	0.020	0.901
0.130	0.050	0.249	0.572
0.568	0.058	0.301	0.073
0.200	0.253	0.413	0.134
0.293	0.198	0.162	0.348
0.312	0.127	0.154	0.407
0.308	0.099	0.099	0.494
0.190	0.119	0.089	0.603
0.154	0.057	0.064	0.724
0.733	0.048	0.108	0.111
0.844	0.034	0.055	0.066
0.116	0.118	0.102	0.664
