>GAWTGACAGCWGACTTCTCA	ZNF317.ZNF317.C2H2	3.887910	-64.722098	0	T:2840.0(29.39%),B:9646.7(24.44%),P:1e-28
0.177	0.047	0.736	0.040
0.743	0.051	0.153	0.053
0.387	0.227	0.112	0.274
0.172	0.062	0.129	0.637
0.303	0.034	0.526	0.138
0.808	0.068	0.066	0.058
0.014	0.905	0.016	0.064
0.762	0.025	0.077	0.136
0.155	0.025	0.773	0.047
0.133	0.782	0.029	0.055
0.409	0.045	0.045	0.502
0.079	0.010	0.890	0.021
0.940	0.016	0.023	0.021
0.034	0.639	0.023	0.305
0.131	0.055	0.036	0.778
0.110	0.094	0.073	0.723
0.118	0.569	0.045	0.268
0.068	0.107	0.090	0.734
0.099	0.585	0.131	0.185
0.682	0.105	0.112	0.101
