>TTTCTKRGAAAT	STAT5B.STAT/2.STAT	5.418140	-9.362332	0	T:2660.0(27.53%),B:10198.5(25.84%),P:1e-4
0.157	0.238	0.157	0.448
0.011	0.029	0.011	0.949
0.060	0.019	0.015	0.906
0.013	0.947	0.009	0.031
0.078	0.315	0.017	0.590
0.003	0.003	0.422	0.572
0.467	0.021	0.410	0.102
0.023	0.007	0.930	0.041
0.843	0.037	0.023	0.098
0.961	0.005	0.029	0.005
0.444	0.147	0.195	0.214
0.191	0.254	0.141	0.414
