>YKCTTTCYAGGAA	BCL6.BCL6/2.C2H2	5.358160	-14.885261	0	T:2861.0(29.61%),B:10788.0(27.33%),P:1e-6
0.161	0.256	0.191	0.392
0.173	0.128	0.412	0.288
0.145	0.633	0.139	0.082
0.096	0.224	0.019	0.661
0.041	0.191	0.114	0.655
0.019	0.045	0.029	0.908
0.009	0.823	0.023	0.145
0.027	0.432	0.096	0.446
0.961	0.017	0.019	0.003
0.173	0.005	0.766	0.056
0.029	0.072	0.833	0.066
0.829	0.047	0.086	0.039
0.813	0.056	0.076	0.054
