>CCMASGGTWWYWGCCS	ZNF589.unclassified.unclassified	4.548660	-8.821918	0	T:3314.0(34.30%),B:12850.4(32.56%),P:1e-3
0.183	0.450	0.183	0.183
0.253	0.560	0.148	0.038
0.357	0.462	0.143	0.038
0.572	0.090	0.195	0.143
0.195	0.410	0.357	0.038
0.038	0.143	0.624	0.195
0.038	0.090	0.723	0.148
0.038	0.201	0.305	0.456
0.404	0.038	0.038	0.520
0.456	0.038	0.148	0.357
0.143	0.456	0.038	0.363
0.352	0.195	0.038	0.415
0.305	0.195	0.462	0.038
0.038	0.566	0.143	0.253
0.143	0.566	0.201	0.090
0.130	0.298	0.391	0.182
