>CCAYCTGGTG	1-CCAYCTGGTG	7.941352	-71.898002	0	T:167.0(16.39%),B:2825.9(5.96%),P:1e-31	Tpos:104.6,Tstd:44.1,Bpos:99.8,Bstd:66.1,StrandBias:0.1,Multiplicity:1.08
0.044	0.890	0.054	0.012
0.011	0.953	0.001	0.035
0.766	0.202	0.011	0.021
0.001	0.350	0.222	0.427
0.001	0.957	0.041	0.001
0.134	0.004	0.001	0.861
0.263	0.001	0.637	0.099
0.026	0.117	0.804	0.053
0.036	0.069	0.077	0.818
0.011	0.083	0.890	0.016
>GCTCATTAGC	2-GCTCATTAGC	6.492330	-44.637526	0	T:95.0(9.32%),B:1503.7(3.17%),P:1e-19	Tpos:102.9,Tstd:46.5,Bpos:96.0,Bstd:63.7,StrandBias:-0.2,Multiplicity:1.09
0.279	0.171	0.466	0.085
0.005	0.729	0.041	0.225
0.127	0.193	0.175	0.505
0.001	0.671	0.273	0.055
0.739	0.217	0.003	0.041
0.090	0.188	0.140	0.582
0.007	0.178	0.048	0.767
0.473	0.006	0.214	0.307
0.008	0.215	0.574	0.203
0.122	0.561	0.099	0.218
>CAGCTGTCAC	3-CAGCTGTCAC	5.194487	-41.334071	0	T:423.0(41.51%),B:13587.2(28.64%),P:1e-17	Tpos:101.4,Tstd:54.2,Bpos:101.1,Bstd:65.2,StrandBias:0.1,Multiplicity:1.38
0.063	0.793	0.089	0.055
0.818	0.050	0.067	0.065
0.056	0.062	0.829	0.053
0.087	0.819	0.034	0.060
0.081	0.067	0.044	0.808
0.042	0.041	0.868	0.049
0.092	0.071	0.080	0.757
0.053	0.790	0.117	0.040
0.807	0.085	0.034	0.074
0.098	0.718	0.086	0.098
>CGTGTTAATT	4-CGTGTTAATT	6.054822	-37.187416	0	T:106.0(10.40%),B:2010.9(4.24%),P:1e-16	Tpos:97.3,Tstd:54.0,Bpos:99.2,Bstd:60.9,StrandBias:0.3,Multiplicity:1.06
0.128	0.610	0.144	0.118
0.124	0.119	0.615	0.142
0.081	0.096	0.069	0.754
0.085	0.101	0.716	0.098
0.110	0.080	0.104	0.706
0.081	0.095	0.086	0.738
0.666	0.113	0.120	0.101
0.727	0.092	0.084	0.097
0.113	0.096	0.071	0.720
0.071	0.087	0.091	0.751
>CCATGGTAAC	5-CCATGGTAAC	5.967106	-31.412710	0	T:81.0(7.95%),B:1452.2(3.06%),P:1e-13	Tpos:103.1,Tstd:56.4,Bpos:100.0,Bstd:60.4,StrandBias:-0.3,Multiplicity:1.21
0.145	0.517	0.161	0.177
0.176	0.594	0.118	0.112
0.644	0.199	0.036	0.121
0.123	0.122	0.115	0.640
0.164	0.067	0.608	0.161
0.119	0.075	0.654	0.152
0.197	0.170	0.096	0.537
0.604	0.138	0.098	0.160
0.641	0.133	0.108	0.118
0.183	0.533	0.128	0.156
>TCTGTTTACT	6-TCTGTTTACT	6.822208	-29.611124	0	T:139.0(13.64%),B:3349.1(7.06%),P:1e-12	Tpos:96.9,Tstd:59.8,Bpos:98.4,Bstd:62.0,StrandBias:-0.4,Multiplicity:1.09
0.047	0.082	0.113	0.758
0.091	0.765	0.081	0.063
0.045	0.060	0.001	0.894
0.019	0.080	0.834	0.067
0.040	0.074	0.044	0.842
0.052	0.064	0.089	0.795
0.020	0.112	0.092	0.776
0.747	0.064	0.092	0.097
0.109	0.789	0.060	0.042
0.085	0.055	0.056	0.804
>CTCCCTAGGG	7-CTCCCTAGGG	6.975935	-27.698897	0	T:231.0(22.67%),B:6815.8(14.36%),P:1e-12	Tpos:97.5,Tstd:54.1,Bpos:101.3,Bstd:60.7,StrandBias:-0.3,Multiplicity:1.13
0.211	0.596	0.139	0.054
0.125	0.092	0.001	0.782
0.001	0.843	0.151	0.005
0.067	0.850	0.030	0.053
0.007	0.879	0.039	0.075
0.084	0.213	0.088	0.615
0.466	0.087	0.229	0.218
0.061	0.124	0.786	0.029
0.172	0.003	0.772	0.053
0.045	0.048	0.906	0.001
>WCAATCCCGA	8-WCAATCCCGA	8.102067	-27.515933	0	T:43.0(4.22%),B:547.3(1.15%),P:1e-11	Tpos:99.0,Tstd:57.0,Bpos:99.9,Bstd:59.4,StrandBias:-0.1,Multiplicity:1.05
0.450	0.084	0.111	0.355
0.001	0.660	0.001	0.338
0.789	0.001	0.209	0.001
0.842	0.041	0.086	0.031
0.070	0.001	0.018	0.911
0.001	0.846	0.041	0.112
0.001	0.802	0.001	0.196
0.208	0.790	0.001	0.001
0.064	0.326	0.609	0.001
0.997	0.001	0.001	0.001
>TAATTGCCTG	9-TAATTGCCTG	8.169195	-27.088649	0	T:28.0(2.75%),B:241.5(0.51%),P:1e-11	Tpos:102.6,Tstd:53.8,Bpos:98.2,Bstd:64.4,StrandBias:0.8,Multiplicity:1.00
0.053	0.041	0.001	0.905
0.919	0.037	0.043	0.001
0.997	0.001	0.001	0.001
0.086	0.001	0.001	0.912
0.001	0.069	0.001	0.929
0.060	0.043	0.896	0.001
0.001	0.997	0.001	0.001
0.117	0.826	0.001	0.056
0.053	0.001	0.117	0.829
0.117	0.001	0.839	0.043
>TTCCCGGAAG	10-TTCCCGGAAG	7.392983	-26.230679	0	T:69.0(6.77%),B:1256.8(2.65%),P:1e-11	Tpos:104.7,Tstd:52.6,Bpos:97.7,Bstd:62.1,StrandBias:0.2,Multiplicity:1.00
0.053	0.054	0.036	0.857
0.015	0.071	0.044	0.870
0.083	0.849	0.031	0.037
0.149	0.709	0.111	0.031
0.040	0.803	0.074	0.083
0.042	0.099	0.784	0.075
0.090	0.060	0.814	0.036
0.775	0.118	0.045	0.062
0.793	0.032	0.055	0.120
0.068	0.091	0.752	0.089
>ATTAATTAGG	11-ATTAATTAGG	9.824103	-26.097989	0	T:15.0(1.47%),B:57.3(0.12%),P:1e-11	Tpos:83.0,Tstd:51.7,Bpos:95.3,Bstd:66.3,StrandBias:1.3,Multiplicity:1.13
0.891	0.001	0.001	0.107
0.048	0.001	0.001	0.950
0.001	0.001	0.001	0.997
0.866	0.095	0.001	0.038
0.997	0.001	0.001	0.001
0.056	0.001	0.001	0.942
0.001	0.001	0.129	0.869
0.997	0.001	0.001	0.001
0.212	0.001	0.786	0.001
0.062	0.096	0.746	0.096
>CCCTGCAGRR	12-CCCTGCAGRR	6.970561	-24.063178	0	T:244.0(23.95%),B:7586.8(15.99%),P:1e-10	Tpos:99.4,Tstd:55.9,Bpos:99.4,Bstd:64.2,StrandBias:0.0,Multiplicity:1.16
0.030	0.882	0.042	0.046
0.042	0.550	0.078	0.330
0.001	0.985	0.013	0.001
0.297	0.001	0.039	0.663
0.185	0.097	0.601	0.117
0.050	0.948	0.001	0.001
0.711	0.001	0.166	0.122
0.102	0.013	0.884	0.001
0.489	0.001	0.349	0.161
0.548	0.001	0.450	0.001
>TACAAAACCA	13-TACAAAACCA	7.206145	-23.527538	0	T:65.0(6.38%),B:1220.1(2.57%),P:1e-10	Tpos:88.6,Tstd:52.0,Bpos:101.3,Bstd:58.3,StrandBias:-0.0,Multiplicity:1.03
0.059	0.052	0.115	0.774
0.669	0.076	0.229	0.026
0.029	0.892	0.021	0.058
0.814	0.093	0.063	0.030
0.853	0.064	0.052	0.031
0.757	0.095	0.078	0.070
0.803	0.025	0.064	0.108
0.061	0.735	0.081	0.123
0.122	0.827	0.031	0.020
0.884	0.073	0.009	0.034
>CATCTGTGCC	14-CATCTGTGCC	8.938130	-23.264109	0	T:47.0(4.61%),B:729.8(1.54%),P:1e-10	Tpos:99.1,Tstd:60.3,Bpos:94.9,Bstd:66.2,StrandBias:-0.3,Multiplicity:1.05
0.001	0.997	0.001	0.001
0.711	0.124	0.053	0.112
0.101	0.001	0.001	0.897
0.001	0.940	0.001	0.058
0.001	0.171	0.144	0.684
0.001	0.001	0.997	0.001
0.079	0.041	0.132	0.748
0.001	0.001	0.997	0.001
0.001	0.817	0.066	0.116
0.001	0.881	0.001	0.117
>TGGCTGCTTC	15-TGGCTGCTTC	7.825693	-23.209402	0	T:51.0(5.00%),B:836.5(1.76%),P:1e-10	Tpos:108.9,Tstd:49.1,Bpos:96.7,Bstd:67.3,StrandBias:0.1,Multiplicity:1.07
0.200	0.025	0.077	0.698
0.022	0.158	0.767	0.053
0.014	0.310	0.569	0.107
0.135	0.572	0.145	0.148
0.021	0.029	0.241	0.709
0.035	0.268	0.641	0.056
0.016	0.598	0.164	0.222
0.036	0.260	0.154	0.550
0.188	0.013	0.174	0.625
0.270	0.567	0.039	0.124
>ATAGCGATTT	16-ATAGCGATTT	8.383295	-22.571417	0	T:24.0(2.36%),B:216.5(0.46%),P:1e-9	Tpos:109.8,Tstd:52.8,Bpos:91.8,Bstd:59.5,StrandBias:-0.5,Multiplicity:1.00
0.988	0.001	0.004	0.007
0.004	0.134	0.329	0.533
0.714	0.001	0.142	0.143
0.001	0.077	0.921	0.001
0.163	0.734	0.001	0.102
0.152	0.005	0.839	0.004
0.997	0.001	0.001	0.001
0.198	0.001	0.142	0.659
0.001	0.005	0.001	0.993
0.324	0.001	0.001	0.674
>TTACATAGGG	17-TTACATAGGG	9.680908	-21.266417	0	T:16.0(1.57%),B:95.1(0.20%),P:1e-9	Tpos:94.4,Tstd:58.0,Bpos:93.8,Bstd:61.0,StrandBias:-0.2,Multiplicity:1.06
0.001	0.001	0.001	0.997
0.001	0.001	0.001	0.997
0.853	0.083	0.063	0.001
0.001	0.903	0.095	0.001
0.883	0.001	0.115	0.001
0.039	0.229	0.045	0.687
0.915	0.001	0.001	0.083
0.058	0.001	0.940	0.001
0.001	0.001	0.997	0.001
0.115	0.001	0.883	0.001
>TGCCTTGAAA	18-TGCCTTGAAA	8.012811	-21.073615	0	T:35.0(3.43%),B:474.8(1.00%),P:1e-9	Tpos:90.5,Tstd:53.3,Bpos:102.9,Bstd:60.0,StrandBias:0.3,Multiplicity:1.00
0.056	0.001	0.058	0.885
0.001	0.001	0.886	0.112
0.001	0.885	0.045	0.069
0.001	0.930	0.001	0.068
0.065	0.036	0.001	0.898
0.073	0.001	0.018	0.908
0.001	0.046	0.952	0.001
0.843	0.043	0.030	0.084
0.997	0.001	0.001	0.001
0.855	0.001	0.061	0.083
>TCCACGCACG	19-TCCACGCACG	9.786122	-20.645111	0	T:22.0(2.16%),B:200.6(0.42%),P:1e-8	Tpos:82.7,Tstd:54.1,Bpos:99.4,Bstd:59.5,StrandBias:0.0,Multiplicity:1.00
0.064	0.050	0.043	0.843
0.001	0.913	0.001	0.085
0.001	0.997	0.001	0.001
0.962	0.036	0.001	0.001
0.001	0.953	0.045	0.001
0.046	0.333	0.620	0.001
0.001	0.997	0.001	0.001
0.997	0.001	0.001	0.001
0.064	0.831	0.045	0.060
0.001	0.001	0.997	0.001
>GACAGCTGCD	20-GACAGCTGCD	8.012367	-20.315470	0	T:169.0(16.58%),B:4955.4(10.44%),P:1e-8	Tpos:98.6,Tstd:54.1,Bpos:98.7,Bstd:70.4,StrandBias:0.3,Multiplicity:1.23
0.091	0.348	0.560	0.001
0.707	0.120	0.101	0.072
0.001	0.969	0.029	0.001
0.781	0.029	0.095	0.095
0.001	0.001	0.997	0.001
0.001	0.964	0.034	0.001
0.132	0.046	0.201	0.621
0.001	0.025	0.973	0.001
0.001	0.997	0.001	0.001
0.267	0.139	0.302	0.292
>GCAAACAGCC	21-GCAAACAGCC	8.720067	-19.634445	0	T:37.0(3.63%),B:552.4(1.16%),P:1e-8	Tpos:89.3,Tstd:55.4,Bpos:98.2,Bstd:67.2,StrandBias:0.1,Multiplicity:1.24
0.001	0.022	0.976	0.001
0.017	0.981	0.001	0.001
0.828	0.062	0.047	0.063
0.801	0.001	0.149	0.049
0.969	0.001	0.029	0.001
0.296	0.702	0.001	0.001
0.924	0.001	0.041	0.034
0.001	0.020	0.978	0.001
0.001	0.952	0.001	0.046
0.053	0.907	0.039	0.001
>TAGAGGGCGC	22-TAGAGGGCGC	9.207995	-18.378579	0	T:18.0(1.77%),B:151.6(0.32%),P:1e-7	Tpos:86.9,Tstd:48.9,Bpos:95.3,Bstd:60.0,StrandBias:0.3,Multiplicity:1.00
0.044	0.001	0.001	0.954
0.927	0.036	0.001	0.036
0.001	0.001	0.997	0.001
0.624	0.001	0.374	0.001
0.001	0.001	0.997	0.001
0.001	0.001	0.997	0.001
0.039	0.021	0.894	0.046
0.001	0.689	0.309	0.001
0.038	0.001	0.960	0.001
0.001	0.954	0.036	0.009
>ATTCACATCA	23-ATTCACATCA	12.004422	-14.486504	0	T:6.0(0.59%),B:13.3(0.03%),P:1e-6	Tpos:75.7,Tstd:53.5,Bpos:90.8,Bstd:62.0,StrandBias:0.4,Multiplicity:1.17
0.997	0.001	0.001	0.001
0.001	0.001	0.001	0.997
0.001	0.001	0.110	0.888
0.160	0.505	0.334	0.001
0.895	0.103	0.001	0.001
0.001	0.598	0.400	0.001
0.997	0.001	0.001	0.001
0.001	0.001	0.001	0.997
0.001	0.997	0.001	0.001
0.997	0.001	0.001	0.001
>CTCGCCCCTC	24-CTCGCCCCTC	9.697324	-12.252463	0	T:39.0(3.83%),B:812.3(1.71%),P:1e-5	Tpos:109.5,Tstd:51.8,Bpos:93.1,Bstd:56.8,StrandBias:0.9,Multiplicity:1.18
0.058	0.903	0.001	0.038
0.114	0.088	0.001	0.797
0.026	0.972	0.001	0.001
0.001	0.001	0.997	0.001
0.001	0.920	0.032	0.047
0.033	0.923	0.001	0.043
0.001	0.738	0.001	0.260
0.043	0.913	0.043	0.001
0.041	0.001	0.031	0.927
0.001	0.997	0.001	0.001
>CAGCTGGGAC	25-CAGCTGGGAC	10.243460	-3.870652	0	T:10.0(0.98%),B:217.9(0.46%),P:1e-1	Tpos:65.5,Tstd:6.5,Bpos:91.3,Bstd:54.6,StrandBias:-10.0,Multiplicity:1.00
0.138	0.714	0.033	0.115
0.915	0.001	0.044	0.040
0.040	0.001	0.759	0.200
0.315	0.501	0.001	0.183
0.057	0.044	0.001	0.898
0.083	0.050	0.760	0.107
0.001	0.057	0.941	0.001
0.080	0.001	0.762	0.157
0.839	0.001	0.033	0.127
0.001	0.997	0.001	0.001
