>CCAYCTGGTG	1-CCAYCTGGTG	7.941352	-71.898002	0	T:167.0(16.39%),B:2825.9(5.96%),P:1e-31	Tpos:104.6,Tstd:44.1,Bpos:99.8,Bstd:66.1,StrandBias:0.1,Multiplicity:1.08
0.044	0.890	0.054	0.012
0.011	0.953	0.001	0.035
0.766	0.202	0.011	0.021
0.001	0.350	0.222	0.427
0.001	0.957	0.041	0.001
0.134	0.004	0.001	0.861
0.263	0.001	0.637	0.099
0.026	0.117	0.804	0.053
0.036	0.069	0.077	0.818
0.011	0.083	0.890	0.016
>GCTCATTAGC	2-GCTCATTAGC	6.492330	-44.637526	0	T:95.0(9.32%),B:1503.7(3.17%),P:1e-19	Tpos:102.9,Tstd:46.5,Bpos:96.0,Bstd:63.7,StrandBias:-0.2,Multiplicity:1.09
0.279	0.171	0.466	0.085
0.005	0.729	0.041	0.225
0.127	0.193	0.175	0.505
0.001	0.671	0.273	0.055
0.739	0.217	0.003	0.041
0.090	0.188	0.140	0.582
0.007	0.178	0.048	0.767
0.473	0.006	0.214	0.307
0.008	0.215	0.574	0.203
0.122	0.561	0.099	0.218
>CAGCTGTCAC	3-CAGCTGTCAC	5.194487	-41.334071	0	T:423.0(41.51%),B:13587.2(28.64%),P:1e-17	Tpos:101.4,Tstd:54.2,Bpos:101.1,Bstd:65.2,StrandBias:0.1,Multiplicity:1.38
0.063	0.793	0.089	0.055
0.818	0.050	0.067	0.065
0.056	0.062	0.829	0.053
0.087	0.819	0.034	0.060
0.081	0.067	0.044	0.808
0.042	0.041	0.868	0.049
0.092	0.071	0.080	0.757
0.053	0.790	0.117	0.040
0.807	0.085	0.034	0.074
0.098	0.718	0.086	0.098
>CGTGTTAATT	4-CGTGTTAATT	6.054822	-37.187416	0	T:106.0(10.40%),B:2010.9(4.24%),P:1e-16	Tpos:97.3,Tstd:54.0,Bpos:99.2,Bstd:60.9,StrandBias:0.3,Multiplicity:1.06
0.128	0.610	0.144	0.118
0.124	0.119	0.615	0.142
0.081	0.096	0.069	0.754
0.085	0.101	0.716	0.098
0.110	0.080	0.104	0.706
0.081	0.095	0.086	0.738
0.666	0.113	0.120	0.101
0.727	0.092	0.084	0.097
0.113	0.096	0.071	0.720
0.071	0.087	0.091	0.751
>CCATGGTAAC	5-CCATGGTAAC	5.967106	-31.412710	0	T:81.0(7.95%),B:1452.2(3.06%),P:1e-13	Tpos:103.1,Tstd:56.4,Bpos:100.0,Bstd:60.4,StrandBias:-0.3,Multiplicity:1.21
0.145	0.517	0.161	0.177
0.176	0.594	0.118	0.112
0.644	0.199	0.036	0.121
0.123	0.122	0.115	0.640
0.164	0.067	0.608	0.161
0.119	0.075	0.654	0.152
0.197	0.170	0.096	0.537
0.604	0.138	0.098	0.160
0.641	0.133	0.108	0.118
0.183	0.533	0.128	0.156
>TCTGTTTACT	6-TCTGTTTACT	6.822208	-29.611124	0	T:139.0(13.64%),B:3349.1(7.06%),P:1e-12	Tpos:96.9,Tstd:59.8,Bpos:98.4,Bstd:62.0,StrandBias:-0.4,Multiplicity:1.09
0.047	0.082	0.113	0.758
0.091	0.765	0.081	0.063
0.045	0.060	0.001	0.894
0.019	0.080	0.834	0.067
0.040	0.074	0.044	0.842
0.052	0.064	0.089	0.795
0.020	0.112	0.092	0.776
0.747	0.064	0.092	0.097
0.109	0.789	0.060	0.042
0.085	0.055	0.056	0.804
>CTCCCTAGGG	7-CTCCCTAGGG	6.975935	-27.698897	0	T:231.0(22.67%),B:6815.8(14.36%),P:1e-12	Tpos:97.5,Tstd:54.1,Bpos:101.3,Bstd:60.7,StrandBias:-0.3,Multiplicity:1.13
0.211	0.596	0.139	0.054
0.125	0.092	0.001	0.782
0.001	0.843	0.151	0.005
0.067	0.850	0.030	0.053
0.007	0.879	0.039	0.075
0.084	0.213	0.088	0.615
0.466	0.087	0.229	0.218
0.061	0.124	0.786	0.029
0.172	0.003	0.772	0.053
0.045	0.048	0.906	0.001
>WCAATCCCGA	8-WCAATCCCGA	8.102067	-27.515933	0	T:43.0(4.22%),B:547.3(1.15%),P:1e-11	Tpos:99.0,Tstd:57.0,Bpos:99.9,Bstd:59.4,StrandBias:-0.1,Multiplicity:1.05
0.450	0.084	0.111	0.355
0.001	0.660	0.001	0.338
0.789	0.001	0.209	0.001
0.842	0.041	0.086	0.031
0.070	0.001	0.018	0.911
0.001	0.846	0.041	0.112
0.001	0.802	0.001	0.196
0.208	0.790	0.001	0.001
0.064	0.326	0.609	0.001
0.997	0.001	0.001	0.001
>TAATTGCCTG	9-TAATTGCCTG	8.169195	-27.088649	0	T:28.0(2.75%),B:241.5(0.51%),P:1e-11	Tpos:102.6,Tstd:53.8,Bpos:98.2,Bstd:64.4,StrandBias:0.8,Multiplicity:1.00
0.053	0.041	0.001	0.905
0.919	0.037	0.043	0.001
0.997	0.001	0.001	0.001
0.086	0.001	0.001	0.912
0.001	0.069	0.001	0.929
0.060	0.043	0.896	0.001
0.001	0.997	0.001	0.001
0.117	0.826	0.001	0.056
0.053	0.001	0.117	0.829
0.117	0.001	0.839	0.043
>TTCCCGGAAG	10-TTCCCGGAAG	7.392983	-26.230679	0	T:69.0(6.77%),B:1256.8(2.65%),P:1e-11	Tpos:104.7,Tstd:52.6,Bpos:97.7,Bstd:62.1,StrandBias:0.2,Multiplicity:1.00
0.053	0.054	0.036	0.857
0.015	0.071	0.044	0.870
0.083	0.849	0.031	0.037
0.149	0.709	0.111	0.031
0.040	0.803	0.074	0.083
0.042	0.099	0.784	0.075
0.090	0.060	0.814	0.036
0.775	0.118	0.045	0.062
0.793	0.032	0.055	0.120
0.068	0.091	0.752	0.089
>ATTAATTAGG	11-ATTAATTAGG	9.824103	-26.097989	0	T:15.0(1.47%),B:57.3(0.12%),P:1e-11	Tpos:83.0,Tstd:51.7,Bpos:95.3,Bstd:66.3,StrandBias:1.3,Multiplicity:1.13
0.891	0.001	0.001	0.107
0.048	0.001	0.001	0.950
0.001	0.001	0.001	0.997
0.866	0.095	0.001	0.038
0.997	0.001	0.001	0.001
0.056	0.001	0.001	0.942
0.001	0.001	0.129	0.869
0.997	0.001	0.001	0.001
0.212	0.001	0.786	0.001
0.062	0.096	0.746	0.096
>CCCTGCAGRR	12-CCCTGCAGRR	6.970561	-24.063178	0	T:244.0(23.95%),B:7586.8(15.99%),P:1e-10	Tpos:99.4,Tstd:55.9,Bpos:99.4,Bstd:64.2,StrandBias:0.0,Multiplicity:1.16
0.030	0.882	0.042	0.046
0.042	0.550	0.078	0.330
0.001	0.985	0.013	0.001
0.297	0.001	0.039	0.663
0.185	0.097	0.601	0.117
0.050	0.948	0.001	0.001
0.711	0.001	0.166	0.122
0.102	0.013	0.884	0.001
0.489	0.001	0.349	0.161
0.548	0.001	0.450	0.001
>TACAAAACCA	13-TACAAAACCA	7.206145	-23.527538	0	T:65.0(6.38%),B:1220.1(2.57%),P:1e-10	Tpos:88.6,Tstd:52.0,Bpos:101.3,Bstd:58.3,StrandBias:-0.0,Multiplicity:1.03
0.059	0.052	0.115	0.774
0.669	0.076	0.229	0.026
0.029	0.892	0.021	0.058
0.814	0.093	0.063	0.030
0.853	0.064	0.052	0.031
0.757	0.095	0.078	0.070
0.803	0.025	0.064	0.108
0.061	0.735	0.081	0.123
0.122	0.827	0.031	0.020
0.884	0.073	0.009	0.034
>CATCTGTGCC	14-CATCTGTGCC	8.938130	-23.264109	0	T:47.0(4.61%),B:729.8(1.54%),P:1e-10	Tpos:99.1,Tstd:60.3,Bpos:94.9,Bstd:66.2,StrandBias:-0.3,Multiplicity:1.05
0.001	0.997	0.001	0.001
0.711	0.124	0.053	0.112
0.101	0.001	0.001	0.897
0.001	0.940	0.001	0.058
0.001	0.171	0.144	0.684
0.001	0.001	0.997	0.001
0.079	0.041	0.132	0.748
0.001	0.001	0.997	0.001
0.001	0.817	0.066	0.116
0.001	0.881	0.001	0.117
>TGGCTGCTTC	15-TGGCTGCTTC	7.825693	-23.209402	0	T:51.0(5.00%),B:836.5(1.76%),P:1e-10	Tpos:108.9,Tstd:49.1,Bpos:96.7,Bstd:67.3,StrandBias:0.1,Multiplicity:1.07
0.200	0.025	0.077	0.698
0.022	0.158	0.767	0.053
0.014	0.310	0.569	0.107
0.135	0.572	0.145	0.148
0.021	0.029	0.241	0.709
0.035	0.268	0.641	0.056
0.016	0.598	0.164	0.222
0.036	0.260	0.154	0.550
0.188	0.013	0.174	0.625
0.270	0.567	0.039	0.124
>ATAGCGATTT	16-ATAGCGATTT	8.383295	-22.571417	0	T:24.0(2.36%),B:216.5(0.46%),P:1e-9	Tpos:109.8,Tstd:52.8,Bpos:91.8,Bstd:59.5,StrandBias:-0.5,Multiplicity:1.00
0.988	0.001	0.004	0.007
0.004	0.134	0.329	0.533
0.714	0.001	0.142	0.143
0.001	0.077	0.921	0.001
0.163	0.734	0.001	0.102
0.152	0.005	0.839	0.004
0.997	0.001	0.001	0.001
0.198	0.001	0.142	0.659
0.001	0.005	0.001	0.993
0.324	0.001	0.001	0.674
>TTACATAGGG	17-TTACATAGGG	9.680908	-21.266417	0	T:16.0(1.57%),B:95.1(0.20%),P:1e-9	Tpos:94.4,Tstd:58.0,Bpos:93.8,Bstd:61.0,StrandBias:-0.2,Multiplicity:1.06
0.001	0.001	0.001	0.997
0.001	0.001	0.001	0.997
0.853	0.083	0.063	0.001
0.001	0.903	0.095	0.001
0.883	0.001	0.115	0.001
0.039	0.229	0.045	0.687
0.915	0.001	0.001	0.083
0.058	0.001	0.940	0.001
0.001	0.001	0.997	0.001
0.115	0.001	0.883	0.001
>TGCCTTGAAA	18-TGCCTTGAAA	8.012811	-21.073615	0	T:35.0(3.43%),B:474.8(1.00%),P:1e-9	Tpos:90.5,Tstd:53.3,Bpos:102.9,Bstd:60.0,StrandBias:0.3,Multiplicity:1.00
0.056	0.001	0.058	0.885
0.001	0.001	0.886	0.112
0.001	0.885	0.045	0.069
0.001	0.930	0.001	0.068
0.065	0.036	0.001	0.898
0.073	0.001	0.018	0.908
0.001	0.046	0.952	0.001
0.843	0.043	0.030	0.084
0.997	0.001	0.001	0.001
0.855	0.001	0.061	0.083
>TCCACGCACG	19-TCCACGCACG	9.786122	-20.645111	0	T:22.0(2.16%),B:200.6(0.42%),P:1e-8	Tpos:82.7,Tstd:54.1,Bpos:99.4,Bstd:59.5,StrandBias:0.0,Multiplicity:1.00
0.064	0.050	0.043	0.843
0.001	0.913	0.001	0.085
0.001	0.997	0.001	0.001
0.962	0.036	0.001	0.001
0.001	0.953	0.045	0.001
0.046	0.333	0.620	0.001
0.001	0.997	0.001	0.001
0.997	0.001	0.001	0.001
0.064	0.831	0.045	0.060
0.001	0.001	0.997	0.001
>GACAGCTGCD	20-GACAGCTGCD	8.012367	-20.315470	0	T:169.0(16.58%),B:4955.4(10.44%),P:1e-8	Tpos:98.6,Tstd:54.1,Bpos:98.7,Bstd:70.4,StrandBias:0.3,Multiplicity:1.23
0.091	0.348	0.560	0.001
0.707	0.120	0.101	0.072
0.001	0.969	0.029	0.001
0.781	0.029	0.095	0.095
0.001	0.001	0.997	0.001
0.001	0.964	0.034	0.001
0.132	0.046	0.201	0.621
0.001	0.025	0.973	0.001
0.001	0.997	0.001	0.001
0.267	0.139	0.302	0.292
>GCAAACAGCC	21-GCAAACAGCC	8.720067	-19.634445	0	T:37.0(3.63%),B:552.4(1.16%),P:1e-8	Tpos:89.3,Tstd:55.4,Bpos:98.2,Bstd:67.2,StrandBias:0.1,Multiplicity:1.24
0.001	0.022	0.976	0.001
0.017	0.981	0.001	0.001
0.828	0.062	0.047	0.063
0.801	0.001	0.149	0.049
0.969	0.001	0.029	0.001
0.296	0.702	0.001	0.001
0.924	0.001	0.041	0.034
0.001	0.020	0.978	0.001
0.001	0.952	0.001	0.046
0.053	0.907	0.039	0.001
>TAGAGGGCGC	22-TAGAGGGCGC	9.207995	-18.378579	0	T:18.0(1.77%),B:151.6(0.32%),P:1e-7	Tpos:86.9,Tstd:48.9,Bpos:95.3,Bstd:60.0,StrandBias:0.3,Multiplicity:1.00
0.044	0.001	0.001	0.954
0.927	0.036	0.001	0.036
0.001	0.001	0.997	0.001
0.624	0.001	0.374	0.001
0.001	0.001	0.997	0.001
0.001	0.001	0.997	0.001
0.039	0.021	0.894	0.046
0.001	0.689	0.309	0.001
0.038	0.001	0.960	0.001
0.001	0.954	0.036	0.009
>ATTCACATCA	23-ATTCACATCA	12.004422	-14.486504	0	T:6.0(0.59%),B:13.3(0.03%),P:1e-6	Tpos:75.7,Tstd:53.5,Bpos:90.8,Bstd:62.0,StrandBias:0.4,Multiplicity:1.17
0.997	0.001	0.001	0.001
0.001	0.001	0.001	0.997
0.001	0.001	0.110	0.888
0.160	0.505	0.334	0.001
0.895	0.103	0.001	0.001
0.001	0.598	0.400	0.001
0.997	0.001	0.001	0.001
0.001	0.001	0.001	0.997
0.001	0.997	0.001	0.001
0.997	0.001	0.001	0.001
>CTCGCCCCTC	24-CTCGCCCCTC	9.697324	-12.252463	0	T:39.0(3.83%),B:812.3(1.71%),P:1e-5	Tpos:109.5,Tstd:51.8,Bpos:93.1,Bstd:56.8,StrandBias:0.9,Multiplicity:1.18
0.058	0.903	0.001	0.038
0.114	0.088	0.001	0.797
0.026	0.972	0.001	0.001
0.001	0.001	0.997	0.001
0.001	0.920	0.032	0.047
0.033	0.923	0.001	0.043
0.001	0.738	0.001	0.260
0.043	0.913	0.043	0.001
0.041	0.001	0.031	0.927
0.001	0.997	0.001	0.001
>CAGCTGGGAC	25-CAGCTGGGAC	10.243460	-3.870652	0	T:10.0(0.98%),B:217.9(0.46%),P:1e-1	Tpos:65.5,Tstd:6.5,Bpos:91.3,Bstd:54.6,StrandBias:-10.0,Multiplicity:1.00
0.138	0.714	0.033	0.115
0.915	0.001	0.044	0.040
0.040	0.001	0.759	0.200
0.315	0.501	0.001	0.183
0.057	0.044	0.001	0.898
0.083	0.050	0.760	0.107
0.001	0.057	0.941	0.001
0.080	0.001	0.762	0.157
0.839	0.001	0.033	0.127
0.001	0.997	0.001	0.001
>CCACTAGGTGGC	1-CCACTAGGTGGC	11.047859	-140.089491	0	T:73.0(7.16%),B:210.7(0.44%),P:1e-60	Tpos:102.3,Tstd:22.7,Bpos:102.1,Bstd:61.2,StrandBias:0.3,Multiplicity:1.01
0.001	0.997	0.001	0.001
0.001	0.997	0.001	0.001
0.830	0.001	0.168	0.001
0.001	0.801	0.197	0.001
0.134	0.308	0.084	0.474
0.997	0.001	0.001	0.001
0.001	0.001	0.997	0.001
0.286	0.001	0.712	0.001
0.042	0.042	0.371	0.545
0.001	0.001	0.997	0.001
0.001	0.001	0.997	0.001
0.206	0.679	0.001	0.114
>TDCCATGGCAAC	2-TDCCATGGCAAC	9.155181	-38.280638	0	T:46.0(4.51%),B:455.9(0.96%),P:1e-16	Tpos:122.9,Tstd:47.3,Bpos:96.0,Bstd:63.2,StrandBias:-0.2,Multiplicity:1.02
0.001	0.155	0.092	0.752
0.258	0.065	0.283	0.394
0.064	0.832	0.040	0.064
0.001	0.934	0.001	0.064
0.702	0.168	0.001	0.129
0.103	0.065	0.218	0.614
0.129	0.001	0.869	0.001
0.001	0.256	0.742	0.001
0.064	0.675	0.128	0.133
0.997	0.001	0.001	0.001
0.882	0.001	0.116	0.001
0.001	0.870	0.001	0.128
>GCCCCTTTGGTT	3-GCCCCTTTGGTT	9.857680	-36.342211	0	T:27.0(2.65%),B:150.4(0.32%),P:1e-15	Tpos:95.8,Tstd:57.4,Bpos:101.5,Bstd:59.4,StrandBias:0.2,Multiplicity:1.00
0.001	0.097	0.756	0.146
0.001	0.901	0.001	0.097
0.001	0.950	0.001	0.048
0.001	0.997	0.001	0.001
0.050	0.852	0.049	0.049
0.001	0.097	0.001	0.901
0.049	0.024	0.136	0.791
0.097	0.049	0.001	0.853
0.049	0.098	0.804	0.049
0.244	0.049	0.559	0.148
0.001	0.069	0.156	0.774
0.001	0.031	0.097	0.871
>TCAAAGGGACTC	4-TCAAAGGGACTC	13.679644	-35.851344	0	T:8.0(0.79%),B:3.0(0.01%),P:1e-15	Tpos:134.8,Tstd:45.5,Bpos:70.1,Bstd:44.7,StrandBias:1.6,Multiplicity:1.00
0.001	0.001	0.001	0.997
0.001	0.997	0.001	0.001
0.874	0.001	0.001	0.124
0.874	0.124	0.001	0.001
0.874	0.001	0.001	0.124
0.125	0.001	0.749	0.125
0.001	0.001	0.997	0.001
0.001	0.001	0.997	0.001
0.997	0.001	0.001	0.001
0.001	0.997	0.001	0.001
0.125	0.125	0.001	0.749
0.001	0.997	0.001	0.001
>TCCCTGGGGGGT	5-TCCCTGGGGGGT	9.343433	-34.015123	0	T:62.0(6.08%),B:882.9(1.86%),P:1e-14	Tpos:80.9,Tstd:54.7,Bpos:95.0,Bstd:60.3,StrandBias:-1.1,Multiplicity:1.10
0.047	0.088	0.066	0.799
0.001	0.943	0.031	0.025
0.077	0.780	0.001	0.142
0.054	0.888	0.026	0.032
0.050	0.063	0.002	0.885
0.001	0.001	0.937	0.061
0.052	0.084	0.807	0.057
0.152	0.001	0.744	0.103
0.051	0.043	0.860	0.046
0.109	0.001	0.832	0.058
0.001	0.152	0.846	0.001
0.073	0.140	0.143	0.644
>CTCATTTGCATA	6-CTCATTTGCATA	8.375309	-33.981758	0	T:58.0(5.69%),B:785.5(1.66%),P:1e-14	Tpos:93.0,Tstd:48.6,Bpos:97.4,Bstd:63.0,StrandBias:-0.1,Multiplicity:1.07
0.077	0.649	0.001	0.273
0.001	0.049	0.001	0.949
0.109	0.628	0.241	0.022
0.838	0.160	0.001	0.001
0.001	0.001	0.001	0.997
0.001	0.064	0.131	0.804
0.109	0.001	0.027	0.863
0.137	0.001	0.721	0.141
0.027	0.754	0.001	0.218
0.694	0.001	0.109	0.196
0.186	0.001	0.297	0.516
0.489	0.255	0.159	0.097
>AACCAGCTGAGC	7-AACCAGCTGAGC	9.424890	-33.971290	0	T:55.0(5.40%),B:714.7(1.51%),P:1e-14	Tpos:90.2,Tstd:49.9,Bpos:102.9,Bstd:64.8,StrandBias:0.4,Multiplicity:1.02
0.821	0.061	0.040	0.078
0.683	0.104	0.159	0.054
0.073	0.771	0.112	0.044
0.048	0.848	0.103	0.001
0.834	0.107	0.024	0.035
0.025	0.120	0.814	0.041
0.001	0.983	0.015	0.001
0.081	0.017	0.035	0.867
0.024	0.102	0.857	0.017
0.824	0.059	0.065	0.052
0.001	0.011	0.964	0.024
0.088	0.738	0.078	0.096
>CATCTAGTGGTC	8-CATCTAGTGGTC	12.970371	-32.916991	0	T:10.0(0.98%),B:8.3(0.02%),P:1e-14	Tpos:104.1,Tstd:44.0,Bpos:79.7,Bstd:28.1,StrandBias:0.4,Multiplicity:1.00
0.001	0.997	0.001	0.001
0.997	0.001	0.001	0.001
0.001	0.282	0.141	0.576
0.001	0.858	0.001	0.140
0.001	0.115	0.001	0.883
0.575	0.001	0.423	0.001
0.001	0.001	0.997	0.001
0.001	0.001	0.001	0.997
0.001	0.001	0.997	0.001
0.001	0.001	0.997	0.001
0.001	0.256	0.001	0.742
0.001	0.858	0.001	0.140
>TTTTTAATTAGC	9-TTTTTAATTAGC	9.049313	-32.030929	0	T:30.0(2.94%),B:228.7(0.48%),P:1e-13	Tpos:94.3,Tstd:52.3,Bpos:106.8,Bstd:60.2,StrandBias:0.1,Multiplicity:1.03
0.033	0.033	0.099	0.835
0.066	0.099	0.033	0.802
0.066	0.099	0.001	0.834
0.099	0.066	0.033	0.802
0.033	0.033	0.066	0.868
0.851	0.099	0.001	0.049
0.956	0.001	0.001	0.042
0.090	0.001	0.033	0.876
0.035	0.066	0.090	0.809
0.676	0.066	0.066	0.192
0.065	0.001	0.933	0.001
0.068	0.765	0.101	0.066
>CAGTAGATGGCG	10-CAGTAGATGGCG	10.951776	-30.543422	0	T:23.0(2.26%),B:132.6(0.28%),P:1e-13	Tpos:76.2,Tstd:39.5,Bpos:107.3,Bstd:66.4,StrandBias:-0.9,Multiplicity:1.05
0.001	0.839	0.159	0.001
0.919	0.001	0.079	0.001
0.001	0.001	0.839	0.159
0.032	0.274	0.047	0.647
0.997	0.001	0.001	0.001
0.080	0.080	0.839	0.001
0.916	0.001	0.082	0.001
0.001	0.001	0.378	0.620
0.001	0.001	0.997	0.001
0.080	0.001	0.759	0.160
0.001	0.740	0.001	0.258
0.159	0.001	0.839	0.001
>GCTGCTGACAGA	11-GCTGCTGACAGA	9.343932	-30.136964	0	T:55.0(5.40%),B:786.1(1.66%),P:1e-13	Tpos:107.6,Tstd:50.6,Bpos:100.9,Bstd:71.5,StrandBias:-0.6,Multiplicity:1.17
0.023	0.037	0.885	0.055
0.030	0.909	0.060	0.001
0.050	0.055	0.099	0.796
0.001	0.035	0.857	0.107
0.033	0.804	0.095	0.068
0.024	0.053	0.023	0.900
0.023	0.050	0.904	0.023
0.587	0.142	0.143	0.128
0.064	0.777	0.144	0.015
0.923	0.029	0.010	0.038
0.033	0.064	0.862	0.041
0.805	0.080	0.060	0.055
>GCAGCTGTGCCT	12-GCAGCTGTGCCT	9.246638	-29.806713	0	T:81.0(7.95%),B:1498.6(3.16%),P:1e-12	Tpos:99.6,Tstd:52.9,Bpos:102.1,Bstd:68.6,StrandBias:-0.1,Multiplicity:1.03
0.091	0.068	0.799	0.042
0.053	0.867	0.079	0.001
0.836	0.059	0.026	0.079
0.063	0.009	0.881	0.047
0.021	0.945	0.033	0.001
0.059	0.050	0.053	0.838
0.001	0.054	0.834	0.111
0.049	0.101	0.104	0.746
0.036	0.126	0.804	0.034
0.100	0.815	0.029	0.056
0.001	0.903	0.038	0.058
0.076	0.100	0.087	0.737
>TGTCATCACAGA	13-TGTCATCACAGA	11.696417	-29.218584	0	T:16.0(1.57%),B:55.2(0.12%),P:1e-12	Tpos:78.1,Tstd:44.3,Bpos:92.7,Bstd:59.2,StrandBias:0.7,Multiplicity:1.00
0.001	0.001	0.001	0.997
0.001	0.072	0.926	0.001
0.261	0.125	0.122	0.493
0.001	0.997	0.001	0.001
0.884	0.043	0.001	0.072
0.001	0.204	0.001	0.794
0.001	0.997	0.001	0.001
0.657	0.145	0.197	0.001
0.001	0.754	0.244	0.001
0.795	0.001	0.145	0.059
0.001	0.001	0.997	0.001
0.774	0.224	0.001	0.001
>GAACTAAACAGG	14-GAACTAAACAGG	14.042917	-27.797180	0	T:7.0(0.69%),B:3.1(0.01%),P:1e-12	Tpos:85.1,Tstd:60.8,Bpos:107.7,Bstd:54.6,StrandBias:0.4,Multiplicity:1.00
0.001	0.001	0.832	0.166
0.997	0.001	0.001	0.001
0.997	0.001	0.001	0.001
0.166	0.832	0.001	0.001
0.001	0.166	0.001	0.832
0.997	0.001	0.001	0.001
0.997	0.001	0.001	0.001
0.667	0.166	0.166	0.001
0.001	0.997	0.001	0.001
0.997	0.001	0.001	0.001
0.001	0.001	0.997	0.001
0.001	0.001	0.997	0.001
>GGAAACAGCACG	15-GGAAACAGCACG	9.023901	-24.431170	0	T:46.0(4.51%),B:678.8(1.43%),P:1e-10	Tpos:94.5,Tstd:54.1,Bpos:100.1,Bstd:62.8,StrandBias:-0.4,Multiplicity:1.04
0.030	0.030	0.908	0.032
0.108	0.060	0.772	0.060
0.837	0.001	0.132	0.030
0.855	0.073	0.042	0.030
0.842	0.030	0.127	0.001
0.001	0.898	0.100	0.001
0.939	0.030	0.030	0.001
0.075	0.060	0.835	0.030
0.060	0.888	0.051	0.001
0.784	0.074	0.032	0.110
0.116	0.672	0.160	0.052
0.018	0.105	0.778	0.099
>GGGGAGCTGGCA	16-GGGGAGCTGGCA	11.868528	-22.983545	0	T:21.0(2.06%),B:159.7(0.34%),P:1e-9	Tpos:100.9,Tstd:52.1,Bpos:98.9,Bstd:56.7,StrandBias:0.7,Multiplicity:1.00
0.181	0.001	0.817	0.001
0.001	0.268	0.730	0.001
0.001	0.001	0.997	0.001
0.130	0.001	0.868	0.001
0.531	0.143	0.202	0.124
0.001	0.217	0.781	0.001
0.001	0.812	0.186	0.001
0.001	0.001	0.001	0.997
0.001	0.001	0.997	0.001
0.001	0.211	0.787	0.001
0.001	0.753	0.245	0.001
0.919	0.079	0.001	0.001
>CTCTGCTGAGTC	17-CTCTGCTGAGTC	9.699307	-22.959091	0	T:37.0(3.63%),B:487.6(1.03%),P:1e-9	Tpos:103.4,Tstd:57.1,Bpos:99.1,Bstd:63.7,StrandBias:-0.1,Multiplicity:1.11
0.001	0.879	0.001	0.119
0.063	0.138	0.023	0.776
0.031	0.841	0.127	0.001
0.001	0.057	0.082	0.860
0.031	0.078	0.806	0.085
0.001	0.973	0.025	0.001
0.182	0.094	0.031	0.693
0.001	0.105	0.893	0.001
0.758	0.054	0.144	0.044
0.111	0.014	0.874	0.001
0.097	0.102	0.030	0.771
0.031	0.884	0.052	0.033
>AGATAACACGTC	18-AGATAACACGTC	10.066391	-20.946556	0	T:17.0(1.67%),B:112.7(0.24%),P:1e-9	Tpos:105.1,Tstd:58.0,Bpos:84.2,Bstd:65.3,StrandBias:0.5,Multiplicity:1.00
0.997	0.001	0.001	0.001
0.001	0.001	0.997	0.001
0.997	0.001	0.001	0.001
0.169	0.169	0.043	0.619
0.719	0.001	0.279	0.001
0.830	0.001	0.001	0.168
0.001	0.986	0.012	0.001
0.997	0.001	0.001	0.001
0.001	0.660	0.338	0.001
0.338	0.001	0.648	0.013
0.001	0.109	0.169	0.721
0.001	0.816	0.001	0.182
>GTGGGTGGTCTC	19-GTGGGTGGTCTC	14.836390	-20.571247	0	T:5.0(0.49%),B:2.9(0.01%),P:1e-8	Tpos:123.8,Tstd:34.9,Bpos:103.0,Bstd:44.3,StrandBias:0.6,Multiplicity:1.00
0.001	0.001	0.997	0.001
0.001	0.001	0.001	0.997
0.001	0.001	0.997	0.001
0.001	0.001	0.997	0.001
0.001	0.001	0.997	0.001
0.001	0.001	0.001	0.997
0.001	0.001	0.997	0.001
0.001	0.001	0.997	0.001
0.001	0.001	0.001	0.997
0.001	0.997	0.001	0.001
0.171	0.001	0.001	0.827
0.001	0.997	0.001	0.001
>ATGACAGCCTCA	20-ATGACAGCCTCA	13.369489	-18.575914	0	T:8.0(0.79%),B:18.7(0.04%),P:1e-8	Tpos:96.9,Tstd:55.9,Bpos:122.9,Bstd:53.6,StrandBias:0.6,Multiplicity:1.25
0.997	0.001	0.001	0.001
0.167	0.001	0.167	0.665
0.001	0.098	0.900	0.001
0.861	0.137	0.001	0.001
0.001	0.997	0.001	0.001
0.997	0.001	0.001	0.001
0.001	0.001	0.997	0.001
0.001	0.997	0.001	0.001
0.001	0.831	0.001	0.167
0.001	0.001	0.001	0.997
0.001	0.997	0.001	0.001
0.907	0.091	0.001	0.001
>GGCTGCCAGCCA	21-GGCTGCCAGCCA	9.425278	-18.106145	0	T:56.0(5.50%),B:1126.1(2.37%),P:1e-7	Tpos:101.1,Tstd:49.2,Bpos:102.8,Bstd:67.4,StrandBias:0.1,Multiplicity:1.04
0.022	0.038	0.883	0.057
0.001	0.182	0.699	0.118
0.079	0.919	0.001	0.001
0.130	0.044	0.001	0.825
0.080	0.193	0.590	0.137
0.080	0.842	0.044	0.034
0.080	0.811	0.001	0.108
0.754	0.001	0.028	0.217
0.001	0.001	0.997	0.001
0.001	0.954	0.044	0.001
0.044	0.853	0.001	0.102
0.886	0.083	0.023	0.008
>GAGGGGCGAGGS	22-GAGGGGCGAGGS	9.180516	-17.464636	0	T:148.0(14.52%),B:4361.7(9.19%),P:1e-7	Tpos:106.6,Tstd:56.0,Bpos:93.0,Bstd:59.2,StrandBias:-0.2,Multiplicity:1.31
0.017	0.168	0.814	0.001
0.627	0.165	0.141	0.067
0.001	0.019	0.961	0.019
0.171	0.018	0.810	0.001
0.127	0.103	0.759	0.011
0.053	0.047	0.899	0.001
0.139	0.721	0.041	0.099
0.015	0.157	0.827	0.001
0.501	0.116	0.304	0.079
0.024	0.019	0.927	0.030
0.019	0.032	0.852	0.097
0.143	0.428	0.314	0.114
>CACCGCTGGCCC	23-CACCGCTGGCCC	10.997922	-13.117682	0	T:14.0(1.37%),B:134.2(0.28%),P:1e-5	Tpos:110.9,Tstd:57.3,Bpos:89.6,Bstd:53.3,StrandBias:2.3,Multiplicity:1.29
0.004	0.993	0.001	0.002
0.831	0.002	0.165	0.002
0.004	0.993	0.002	0.001
0.001	0.973	0.001	0.025
0.203	0.001	0.795	0.001
0.103	0.792	0.101	0.004
0.101	0.002	0.001	0.896
0.103	0.001	0.894	0.002
0.001	0.101	0.694	0.204
0.305	0.690	0.004	0.001
0.004	0.790	0.101	0.105
0.002	0.630	0.367	0.001
>AAAAAGCCGCGG	24-AAAAAGCCGCGG	10.692458	-11.273584	0	T:10.0(0.98%),B:80.3(0.17%),P:1e-4	Tpos:104.2,Tstd:54.1,Bpos:95.7,Bstd:64.1,StrandBias:2.3,Multiplicity:1.80
0.904	0.001	0.001	0.094
0.997	0.001	0.001	0.001
0.848	0.095	0.056	0.001
0.464	0.286	0.155	0.095
0.997	0.001	0.001	0.001
0.001	0.001	0.997	0.001
0.001	0.997	0.001	0.001
0.098	0.822	0.002	0.078
0.003	0.078	0.916	0.003
0.095	0.714	0.190	0.001
0.095	0.001	0.652	0.252
0.095	0.001	0.714	0.190
>ACTGCTGGCCCC	25-ACTGCTGGCCCC	12.355432	-2.774211	0	T:1.0(0.10%),B:3.8(0.01%),P:1e-1	Tpos:100.0,Tstd:69.4,Bpos:102.8,Bstd:41.9,StrandBias:10.0,Multiplicity:5.00
0.700	0.100	0.100	0.100
0.100	0.700	0.100	0.100
0.100	0.100	0.100	0.700
0.100	0.100	0.700	0.100
0.100	0.700	0.100	0.100
0.100	0.100	0.100	0.700
0.100	0.100	0.700	0.100
0.100	0.100	0.700	0.100
0.100	0.700	0.100	0.100
0.100	0.700	0.100	0.100
0.100	0.700	0.100	0.100
0.100	0.700	0.100	0.100
>NNTAATTA	1-NNTAATTA	5.879400	-47.431983	0	T:172.0(16.88%),B:3716.4(7.83%),P:1e-20	Tpos:100.5,Tstd:54.6,Bpos:98.6,Bstd:65.6,StrandBias:-0.1,Multiplicity:1.24
0.203	0.245	0.283	0.269
0.213	0.245	0.262	0.280
0.072	0.237	0.026	0.665
0.784	0.214	0.001	0.001
0.987	0.011	0.001	0.001
0.001	0.008	0.026	0.965
0.017	0.023	0.281	0.679
0.913	0.038	0.048	0.001
>CAGATGGC	2-CAGATGGC	6.363790	-44.545157	0	T:276.0(27.09%),B:7506.1(15.82%),P:1e-19	Tpos:99.3,Tstd:48.9,Bpos:99.8,Bstd:65.1,StrandBias:0.2,Multiplicity:1.15
0.001	0.898	0.001	0.100
0.942	0.018	0.001	0.039
0.001	0.105	0.885	0.009
0.783	0.038	0.178	0.001
0.068	0.043	0.049	0.840
0.010	0.022	0.951	0.017
0.001	0.001	0.978	0.020
0.067	0.836	0.068	0.029
>CAGCTGCG	3-CAGCTGCG	8.310005	-34.995124	0	T:207.0(20.31%),B:5476.8(11.54%),P:1e-15	Tpos:100.5,Tstd:53.2,Bpos:101.2,Bstd:70.1,StrandBias:0.3,Multiplicity:1.16
0.001	0.997	0.001	0.001
0.997	0.001	0.001	0.001
0.001	0.001	0.997	0.001
0.001	0.997	0.001	0.001
0.001	0.001	0.001	0.997
0.001	0.001	0.997	0.001
0.326	0.490	0.173	0.011
0.001	0.117	0.517	0.365
>ACAAATGA	4-ACAAATGA	5.775146	-30.041857	0	T:148.0(14.52%),B:3637.4(7.67%),P:1e-13	Tpos:99.1,Tstd:56.6,Bpos:99.8,Bstd:62.2,StrandBias:-0.2,Multiplicity:1.08
0.893	0.056	0.050	0.001
0.047	0.918	0.034	0.001
0.810	0.001	0.188	0.001
0.841	0.109	0.033	0.017
0.859	0.029	0.051	0.061
0.066	0.001	0.078	0.855
0.001	0.083	0.894	0.022
0.973	0.001	0.001	0.025
>CAAACAGC	5-CAAACAGC	6.453351	-29.895240	0	T:210.0(20.61%),B:5877.4(12.39%),P:1e-12	Tpos:100.6,Tstd:54.4,Bpos:99.0,Bstd:65.5,StrandBias:-0.0,Multiplicity:1.21
0.223	0.443	0.120	0.213
0.795	0.203	0.001	0.001
0.578	0.202	0.184	0.036
0.739	0.001	0.001	0.259
0.218	0.780	0.001	0.001
0.997	0.001	0.001	0.001
0.001	0.260	0.545	0.194
0.398	0.595	0.001	0.006
>AAAGACGC	6-AAAGACGC	4.747537	-28.749366	0	T:403.0(39.55%),B:13751.8(28.98%),P:1e-12	Tpos:101.6,Tstd:56.2,Bpos:100.7,Bstd:63.1,StrandBias:-0.1,Multiplicity:1.24
0.761	0.123	0.037	0.079
0.726	0.094	0.095	0.085
0.711	0.033	0.125	0.131
0.051	0.107	0.752	0.090
0.751	0.167	0.041	0.041
0.054	0.815	0.043	0.088
0.061	0.169	0.726	0.044
0.036	0.768	0.081	0.115
>GGCTGTTA	7-GGCTGTTA	5.492444	-27.362054	0	T:255.0(25.02%),B:7773.8(16.38%),P:1e-11	Tpos:90.6,Tstd:53.0,Bpos:99.0,Bstd:67.4,StrandBias:-0.1,Multiplicity:1.11
0.093	0.050	0.760	0.097
0.029	0.094	0.828	0.049
0.114	0.763	0.066	0.057
0.098	0.083	0.111	0.708
0.117	0.022	0.778	0.083
0.087	0.137	0.043	0.733
0.019	0.115	0.114	0.752
0.689	0.028	0.136	0.147
>ATGGTAAC	8-ATGGTAAC	6.621159	-26.209367	0	T:102.0(10.01%),B:2267.8(4.78%),P:1e-11	Tpos:103.0,Tstd:53.5,Bpos:97.5,Bstd:60.6,StrandBias:-0.2,Multiplicity:1.12
0.857	0.084	0.058	0.001
0.001	0.001	0.132	0.866
0.014	0.001	0.984	0.001
0.001	0.001	0.997	0.001
0.107	0.307	0.001	0.585
0.889	0.001	0.054	0.056
0.997	0.001	0.001	0.001
0.039	0.952	0.001	0.008
>AATTAACA	9-AATTAACA	7.034330	-22.875430	0	T:91.0(8.93%),B:2046.9(4.31%),P:1e-9	Tpos:96.4,Tstd:56.6,Bpos:100.5,Bstd:61.5,StrandBias:-0.2,Multiplicity:1.07
0.815	0.044	0.140	0.001
0.733	0.128	0.100	0.039
0.078	0.001	0.001	0.920
0.001	0.001	0.001	0.997
0.811	0.123	0.001	0.065
0.916	0.001	0.082	0.001
0.133	0.802	0.064	0.001
0.997	0.001	0.001	0.001
>AGGGAGCA	10-AGGGAGCA	5.639600	-21.123214	0	T:418.0(41.02%),B:15152.6(31.93%),P:1e-9	Tpos:100.4,Tstd:56.5,Bpos:100.4,Bstd:62.6,StrandBias:0.0,Multiplicity:1.31
0.960	0.001	0.001	0.038
0.040	0.077	0.848	0.035
0.057	0.050	0.892	0.001
0.001	0.001	0.997	0.001
0.796	0.001	0.202	0.001
0.001	0.029	0.969	0.001
0.067	0.814	0.118	0.001
0.789	0.124	0.001	0.086
>ATCACCGC	11-ATCACCGC	6.501212	-16.989677	0	T:124.0(12.17%),B:3498.8(7.37%),P:1e-7	Tpos:101.5,Tstd:53.1,Bpos:101.0,Bstd:63.0,StrandBias:-0.3,Multiplicity:1.04
0.775	0.054	0.097	0.074
0.001	0.001	0.068	0.930
0.001	0.969	0.029	0.001
0.837	0.082	0.001	0.080
0.001	0.997	0.001	0.001
0.120	0.748	0.056	0.076
0.141	0.001	0.813	0.045
0.040	0.958	0.001	0.001
>ATGCGTTT	12-ATGCGTTT	6.830032	-15.503479	0	T:63.0(6.18%),B:1445.5(3.05%),P:1e-6	Tpos:104.1,Tstd:59.7,Bpos:101.6,Bstd:63.2,StrandBias:-0.1,Multiplicity:1.03
0.918	0.037	0.044	0.001
0.009	0.079	0.059	0.853
0.001	0.021	0.977	0.001
0.034	0.848	0.001	0.117
0.141	0.001	0.757	0.101
0.001	0.062	0.035	0.902
0.031	0.001	0.001	0.967
0.001	0.176	0.001	0.822
>ATCTTGTC	13-ATCTTGTC	8.938935	-11.888931	0	T:35.0(3.43%),B:703.0(1.48%),P:1e-5	Tpos:118.9,Tstd:57.3,Bpos:101.0,Bstd:61.5,StrandBias:0.9,Multiplicity:1.03
0.742	0.001	0.256	0.001
0.001	0.001	0.320	0.678
0.001	0.757	0.001	0.241
0.001	0.001	0.001	0.997
0.001	0.001	0.001	0.997
0.001	0.001	0.971	0.027
0.001	0.001	0.001	0.997
0.001	0.997	0.001	0.001
>GGCGAGGC	14-GGCGAGGC	7.578882	-10.336152	0	T:128.0(12.56%),B:4166.4(8.78%),P:1e-4	Tpos:107.0,Tstd:55.8,Bpos:99.0,Bstd:62.8,StrandBias:-0.2,Multiplicity:1.23
0.040	0.340	0.619	0.001
0.216	0.001	0.714	0.069
0.107	0.891	0.001	0.001
0.053	0.001	0.945	0.001
0.903	0.001	0.094	0.002
0.001	0.001	0.889	0.109
0.001	0.005	0.993	0.001
0.160	0.838	0.001	0.001
