>CCACTAGGTGGC	1-CCACTAGGTGGC	11.047859	-140.089491	0	T:73.0(7.16%),B:210.7(0.44%),P:1e-60	Tpos:102.3,Tstd:22.7,Bpos:102.1,Bstd:61.2,StrandBias:0.3,Multiplicity:1.01
0.001	0.997	0.001	0.001
0.001	0.997	0.001	0.001
0.830	0.001	0.168	0.001
0.001	0.801	0.197	0.001
0.134	0.308	0.084	0.474
0.997	0.001	0.001	0.001
0.001	0.001	0.997	0.001
0.286	0.001	0.712	0.001
0.042	0.042	0.371	0.545
0.001	0.001	0.997	0.001
0.001	0.001	0.997	0.001
0.206	0.679	0.001	0.114
>TDCCATGGCAAC	2-TDCCATGGCAAC	9.155181	-38.280638	0	T:46.0(4.51%),B:455.9(0.96%),P:1e-16	Tpos:122.9,Tstd:47.3,Bpos:96.0,Bstd:63.2,StrandBias:-0.2,Multiplicity:1.02
0.001	0.155	0.092	0.752
0.258	0.065	0.283	0.394
0.064	0.832	0.040	0.064
0.001	0.934	0.001	0.064
0.702	0.168	0.001	0.129
0.103	0.065	0.218	0.614
0.129	0.001	0.869	0.001
0.001	0.256	0.742	0.001
0.064	0.675	0.128	0.133
0.997	0.001	0.001	0.001
0.882	0.001	0.116	0.001
0.001	0.870	0.001	0.128
>GCCCCTTTGGTT	3-GCCCCTTTGGTT	9.857680	-36.342211	0	T:27.0(2.65%),B:150.4(0.32%),P:1e-15	Tpos:95.8,Tstd:57.4,Bpos:101.5,Bstd:59.4,StrandBias:0.2,Multiplicity:1.00
0.001	0.097	0.756	0.146
0.001	0.901	0.001	0.097
0.001	0.950	0.001	0.048
0.001	0.997	0.001	0.001
0.050	0.852	0.049	0.049
0.001	0.097	0.001	0.901
0.049	0.024	0.136	0.791
0.097	0.049	0.001	0.853
0.049	0.098	0.804	0.049
0.244	0.049	0.559	0.148
0.001	0.069	0.156	0.774
0.001	0.031	0.097	0.871
>TCAAAGGGACTC	4-TCAAAGGGACTC	13.679644	-35.851344	0	T:8.0(0.79%),B:3.0(0.01%),P:1e-15	Tpos:134.8,Tstd:45.5,Bpos:70.1,Bstd:44.7,StrandBias:1.6,Multiplicity:1.00
0.001	0.001	0.001	0.997
0.001	0.997	0.001	0.001
0.874	0.001	0.001	0.124
0.874	0.124	0.001	0.001
0.874	0.001	0.001	0.124
0.125	0.001	0.749	0.125
0.001	0.001	0.997	0.001
0.001	0.001	0.997	0.001
0.997	0.001	0.001	0.001
0.001	0.997	0.001	0.001
0.125	0.125	0.001	0.749
0.001	0.997	0.001	0.001
>TCCCTGGGGGGT	5-TCCCTGGGGGGT	9.343433	-34.015123	0	T:62.0(6.08%),B:882.9(1.86%),P:1e-14	Tpos:80.9,Tstd:54.7,Bpos:95.0,Bstd:60.3,StrandBias:-1.1,Multiplicity:1.10
0.047	0.088	0.066	0.799
0.001	0.943	0.031	0.025
0.077	0.780	0.001	0.142
0.054	0.888	0.026	0.032
0.050	0.063	0.002	0.885
0.001	0.001	0.937	0.061
0.052	0.084	0.807	0.057
0.152	0.001	0.744	0.103
0.051	0.043	0.860	0.046
0.109	0.001	0.832	0.058
0.001	0.152	0.846	0.001
0.073	0.140	0.143	0.644
>CTCATTTGCATA	6-CTCATTTGCATA	8.375309	-33.981758	0	T:58.0(5.69%),B:785.5(1.66%),P:1e-14	Tpos:93.0,Tstd:48.6,Bpos:97.4,Bstd:63.0,StrandBias:-0.1,Multiplicity:1.07
0.077	0.649	0.001	0.273
0.001	0.049	0.001	0.949
0.109	0.628	0.241	0.022
0.838	0.160	0.001	0.001
0.001	0.001	0.001	0.997
0.001	0.064	0.131	0.804
0.109	0.001	0.027	0.863
0.137	0.001	0.721	0.141
0.027	0.754	0.001	0.218
0.694	0.001	0.109	0.196
0.186	0.001	0.297	0.516
0.489	0.255	0.159	0.097
>AACCAGCTGAGC	7-AACCAGCTGAGC	9.424890	-33.971290	0	T:55.0(5.40%),B:714.7(1.51%),P:1e-14	Tpos:90.2,Tstd:49.9,Bpos:102.9,Bstd:64.8,StrandBias:0.4,Multiplicity:1.02
0.821	0.061	0.040	0.078
0.683	0.104	0.159	0.054
0.073	0.771	0.112	0.044
0.048	0.848	0.103	0.001
0.834	0.107	0.024	0.035
0.025	0.120	0.814	0.041
0.001	0.983	0.015	0.001
0.081	0.017	0.035	0.867
0.024	0.102	0.857	0.017
0.824	0.059	0.065	0.052
0.001	0.011	0.964	0.024
0.088	0.738	0.078	0.096
>CATCTAGTGGTC	8-CATCTAGTGGTC	12.970371	-32.916991	0	T:10.0(0.98%),B:8.3(0.02%),P:1e-14	Tpos:104.1,Tstd:44.0,Bpos:79.7,Bstd:28.1,StrandBias:0.4,Multiplicity:1.00
0.001	0.997	0.001	0.001
0.997	0.001	0.001	0.001
0.001	0.282	0.141	0.576
0.001	0.858	0.001	0.140
0.001	0.115	0.001	0.883
0.575	0.001	0.423	0.001
0.001	0.001	0.997	0.001
0.001	0.001	0.001	0.997
0.001	0.001	0.997	0.001
0.001	0.001	0.997	0.001
0.001	0.256	0.001	0.742
0.001	0.858	0.001	0.140
>TTTTTAATTAGC	9-TTTTTAATTAGC	9.049313	-32.030929	0	T:30.0(2.94%),B:228.7(0.48%),P:1e-13	Tpos:94.3,Tstd:52.3,Bpos:106.8,Bstd:60.2,StrandBias:0.1,Multiplicity:1.03
0.033	0.033	0.099	0.835
0.066	0.099	0.033	0.802
0.066	0.099	0.001	0.834
0.099	0.066	0.033	0.802
0.033	0.033	0.066	0.868
0.851	0.099	0.001	0.049
0.956	0.001	0.001	0.042
0.090	0.001	0.033	0.876
0.035	0.066	0.090	0.809
0.676	0.066	0.066	0.192
0.065	0.001	0.933	0.001
0.068	0.765	0.101	0.066
>CAGTAGATGGCG	10-CAGTAGATGGCG	10.951776	-30.543422	0	T:23.0(2.26%),B:132.6(0.28%),P:1e-13	Tpos:76.2,Tstd:39.5,Bpos:107.3,Bstd:66.4,StrandBias:-0.9,Multiplicity:1.05
0.001	0.839	0.159	0.001
0.919	0.001	0.079	0.001
0.001	0.001	0.839	0.159
0.032	0.274	0.047	0.647
0.997	0.001	0.001	0.001
0.080	0.080	0.839	0.001
0.916	0.001	0.082	0.001
0.001	0.001	0.378	0.620
0.001	0.001	0.997	0.001
0.080	0.001	0.759	0.160
0.001	0.740	0.001	0.258
0.159	0.001	0.839	0.001
>GCTGCTGACAGA	11-GCTGCTGACAGA	9.343932	-30.136964	0	T:55.0(5.40%),B:786.1(1.66%),P:1e-13	Tpos:107.6,Tstd:50.6,Bpos:100.9,Bstd:71.5,StrandBias:-0.6,Multiplicity:1.17
0.023	0.037	0.885	0.055
0.030	0.909	0.060	0.001
0.050	0.055	0.099	0.796
0.001	0.035	0.857	0.107
0.033	0.804	0.095	0.068
0.024	0.053	0.023	0.900
0.023	0.050	0.904	0.023
0.587	0.142	0.143	0.128
0.064	0.777	0.144	0.015
0.923	0.029	0.010	0.038
0.033	0.064	0.862	0.041
0.805	0.080	0.060	0.055
>GCAGCTGTGCCT	12-GCAGCTGTGCCT	9.246638	-29.806713	0	T:81.0(7.95%),B:1498.6(3.16%),P:1e-12	Tpos:99.6,Tstd:52.9,Bpos:102.1,Bstd:68.6,StrandBias:-0.1,Multiplicity:1.03
0.091	0.068	0.799	0.042
0.053	0.867	0.079	0.001
0.836	0.059	0.026	0.079
0.063	0.009	0.881	0.047
0.021	0.945	0.033	0.001
0.059	0.050	0.053	0.838
0.001	0.054	0.834	0.111
0.049	0.101	0.104	0.746
0.036	0.126	0.804	0.034
0.100	0.815	0.029	0.056
0.001	0.903	0.038	0.058
0.076	0.100	0.087	0.737
>TGTCATCACAGA	13-TGTCATCACAGA	11.696417	-29.218584	0	T:16.0(1.57%),B:55.2(0.12%),P:1e-12	Tpos:78.1,Tstd:44.3,Bpos:92.7,Bstd:59.2,StrandBias:0.7,Multiplicity:1.00
0.001	0.001	0.001	0.997
0.001	0.072	0.926	0.001
0.261	0.125	0.122	0.493
0.001	0.997	0.001	0.001
0.884	0.043	0.001	0.072
0.001	0.204	0.001	0.794
0.001	0.997	0.001	0.001
0.657	0.145	0.197	0.001
0.001	0.754	0.244	0.001
0.795	0.001	0.145	0.059
0.001	0.001	0.997	0.001
0.774	0.224	0.001	0.001
>GAACTAAACAGG	14-GAACTAAACAGG	14.042917	-27.797180	0	T:7.0(0.69%),B:3.1(0.01%),P:1e-12	Tpos:85.1,Tstd:60.8,Bpos:107.7,Bstd:54.6,StrandBias:0.4,Multiplicity:1.00
0.001	0.001	0.832	0.166
0.997	0.001	0.001	0.001
0.997	0.001	0.001	0.001
0.166	0.832	0.001	0.001
0.001	0.166	0.001	0.832
0.997	0.001	0.001	0.001
0.997	0.001	0.001	0.001
0.667	0.166	0.166	0.001
0.001	0.997	0.001	0.001
0.997	0.001	0.001	0.001
0.001	0.001	0.997	0.001
0.001	0.001	0.997	0.001
>GGAAACAGCACG	15-GGAAACAGCACG	9.023901	-24.431170	0	T:46.0(4.51%),B:678.8(1.43%),P:1e-10	Tpos:94.5,Tstd:54.1,Bpos:100.1,Bstd:62.8,StrandBias:-0.4,Multiplicity:1.04
0.030	0.030	0.908	0.032
0.108	0.060	0.772	0.060
0.837	0.001	0.132	0.030
0.855	0.073	0.042	0.030
0.842	0.030	0.127	0.001
0.001	0.898	0.100	0.001
0.939	0.030	0.030	0.001
0.075	0.060	0.835	0.030
0.060	0.888	0.051	0.001
0.784	0.074	0.032	0.110
0.116	0.672	0.160	0.052
0.018	0.105	0.778	0.099
>GGGGAGCTGGCA	16-GGGGAGCTGGCA	11.868528	-22.983545	0	T:21.0(2.06%),B:159.7(0.34%),P:1e-9	Tpos:100.9,Tstd:52.1,Bpos:98.9,Bstd:56.7,StrandBias:0.7,Multiplicity:1.00
0.181	0.001	0.817	0.001
0.001	0.268	0.730	0.001
0.001	0.001	0.997	0.001
0.130	0.001	0.868	0.001
0.531	0.143	0.202	0.124
0.001	0.217	0.781	0.001
0.001	0.812	0.186	0.001
0.001	0.001	0.001	0.997
0.001	0.001	0.997	0.001
0.001	0.211	0.787	0.001
0.001	0.753	0.245	0.001
0.919	0.079	0.001	0.001
>CTCTGCTGAGTC	17-CTCTGCTGAGTC	9.699307	-22.959091	0	T:37.0(3.63%),B:487.6(1.03%),P:1e-9	Tpos:103.4,Tstd:57.1,Bpos:99.1,Bstd:63.7,StrandBias:-0.1,Multiplicity:1.11
0.001	0.879	0.001	0.119
0.063	0.138	0.023	0.776
0.031	0.841	0.127	0.001
0.001	0.057	0.082	0.860
0.031	0.078	0.806	0.085
0.001	0.973	0.025	0.001
0.182	0.094	0.031	0.693
0.001	0.105	0.893	0.001
0.758	0.054	0.144	0.044
0.111	0.014	0.874	0.001
0.097	0.102	0.030	0.771
0.031	0.884	0.052	0.033
>AGATAACACGTC	18-AGATAACACGTC	10.066391	-20.946556	0	T:17.0(1.67%),B:112.7(0.24%),P:1e-9	Tpos:105.1,Tstd:58.0,Bpos:84.2,Bstd:65.3,StrandBias:0.5,Multiplicity:1.00
0.997	0.001	0.001	0.001
0.001	0.001	0.997	0.001
0.997	0.001	0.001	0.001
0.169	0.169	0.043	0.619
0.719	0.001	0.279	0.001
0.830	0.001	0.001	0.168
0.001	0.986	0.012	0.001
0.997	0.001	0.001	0.001
0.001	0.660	0.338	0.001
0.338	0.001	0.648	0.013
0.001	0.109	0.169	0.721
0.001	0.816	0.001	0.182
>GTGGGTGGTCTC	19-GTGGGTGGTCTC	14.836390	-20.571247	0	T:5.0(0.49%),B:2.9(0.01%),P:1e-8	Tpos:123.8,Tstd:34.9,Bpos:103.0,Bstd:44.3,StrandBias:0.6,Multiplicity:1.00
0.001	0.001	0.997	0.001
0.001	0.001	0.001	0.997
0.001	0.001	0.997	0.001
0.001	0.001	0.997	0.001
0.001	0.001	0.997	0.001
0.001	0.001	0.001	0.997
0.001	0.001	0.997	0.001
0.001	0.001	0.997	0.001
0.001	0.001	0.001	0.997
0.001	0.997	0.001	0.001
0.171	0.001	0.001	0.827
0.001	0.997	0.001	0.001
>ATGACAGCCTCA	20-ATGACAGCCTCA	13.369489	-18.575914	0	T:8.0(0.79%),B:18.7(0.04%),P:1e-8	Tpos:96.9,Tstd:55.9,Bpos:122.9,Bstd:53.6,StrandBias:0.6,Multiplicity:1.25
0.997	0.001	0.001	0.001
0.167	0.001	0.167	0.665
0.001	0.098	0.900	0.001
0.861	0.137	0.001	0.001
0.001	0.997	0.001	0.001
0.997	0.001	0.001	0.001
0.001	0.001	0.997	0.001
0.001	0.997	0.001	0.001
0.001	0.831	0.001	0.167
0.001	0.001	0.001	0.997
0.001	0.997	0.001	0.001
0.907	0.091	0.001	0.001
>GGCTGCCAGCCA	21-GGCTGCCAGCCA	9.425278	-18.106145	0	T:56.0(5.50%),B:1126.1(2.37%),P:1e-7	Tpos:101.1,Tstd:49.2,Bpos:102.8,Bstd:67.4,StrandBias:0.1,Multiplicity:1.04
0.022	0.038	0.883	0.057
0.001	0.182	0.699	0.118
0.079	0.919	0.001	0.001
0.130	0.044	0.001	0.825
0.080	0.193	0.590	0.137
0.080	0.842	0.044	0.034
0.080	0.811	0.001	0.108
0.754	0.001	0.028	0.217
0.001	0.001	0.997	0.001
0.001	0.954	0.044	0.001
0.044	0.853	0.001	0.102
0.886	0.083	0.023	0.008
>GAGGGGCGAGGS	22-GAGGGGCGAGGS	9.180516	-17.464636	0	T:148.0(14.52%),B:4361.7(9.19%),P:1e-7	Tpos:106.6,Tstd:56.0,Bpos:93.0,Bstd:59.2,StrandBias:-0.2,Multiplicity:1.31
0.017	0.168	0.814	0.001
0.627	0.165	0.141	0.067
0.001	0.019	0.961	0.019
0.171	0.018	0.810	0.001
0.127	0.103	0.759	0.011
0.053	0.047	0.899	0.001
0.139	0.721	0.041	0.099
0.015	0.157	0.827	0.001
0.501	0.116	0.304	0.079
0.024	0.019	0.927	0.030
0.019	0.032	0.852	0.097
0.143	0.428	0.314	0.114
>CACCGCTGGCCC	23-CACCGCTGGCCC	10.997922	-13.117682	0	T:14.0(1.37%),B:134.2(0.28%),P:1e-5	Tpos:110.9,Tstd:57.3,Bpos:89.6,Bstd:53.3,StrandBias:2.3,Multiplicity:1.29
0.004	0.993	0.001	0.002
0.831	0.002	0.165	0.002
0.004	0.993	0.002	0.001
0.001	0.973	0.001	0.025
0.203	0.001	0.795	0.001
0.103	0.792	0.101	0.004
0.101	0.002	0.001	0.896
0.103	0.001	0.894	0.002
0.001	0.101	0.694	0.204
0.305	0.690	0.004	0.001
0.004	0.790	0.101	0.105
0.002	0.630	0.367	0.001
>AAAAAGCCGCGG	24-AAAAAGCCGCGG	10.692458	-11.273584	0	T:10.0(0.98%),B:80.3(0.17%),P:1e-4	Tpos:104.2,Tstd:54.1,Bpos:95.7,Bstd:64.1,StrandBias:2.3,Multiplicity:1.80
0.904	0.001	0.001	0.094
0.997	0.001	0.001	0.001
0.848	0.095	0.056	0.001
0.464	0.286	0.155	0.095
0.997	0.001	0.001	0.001
0.001	0.001	0.997	0.001
0.001	0.997	0.001	0.001
0.098	0.822	0.002	0.078
0.003	0.078	0.916	0.003
0.095	0.714	0.190	0.001
0.095	0.001	0.652	0.252
0.095	0.001	0.714	0.190
>ACTGCTGGCCCC	25-ACTGCTGGCCCC	12.355432	-2.774211	0	T:1.0(0.10%),B:3.8(0.01%),P:1e-1	Tpos:100.0,Tstd:69.4,Bpos:102.8,Bstd:41.9,StrandBias:10.0,Multiplicity:5.00
0.700	0.100	0.100	0.100
0.100	0.700	0.100	0.100
0.100	0.100	0.100	0.700
0.100	0.100	0.700	0.100
0.100	0.700	0.100	0.100
0.100	0.100	0.100	0.700
0.100	0.100	0.700	0.100
0.100	0.100	0.700	0.100
0.100	0.700	0.100	0.100
0.100	0.700	0.100	0.100
0.100	0.700	0.100	0.100
0.100	0.700	0.100	0.100
