>NNTAATTA	1-NNTAATTA	5.879400	-47.431983	0	T:172.0(16.88%),B:3716.4(7.83%),P:1e-20	Tpos:100.5,Tstd:54.6,Bpos:98.6,Bstd:65.6,StrandBias:-0.1,Multiplicity:1.24
0.203	0.245	0.283	0.269
0.213	0.245	0.262	0.280
0.072	0.237	0.026	0.665
0.784	0.214	0.001	0.001
0.987	0.011	0.001	0.001
0.001	0.008	0.026	0.965
0.017	0.023	0.281	0.679
0.913	0.038	0.048	0.001
>CAGATGGC	2-CAGATGGC	6.363790	-44.545157	0	T:276.0(27.09%),B:7506.1(15.82%),P:1e-19	Tpos:99.3,Tstd:48.9,Bpos:99.8,Bstd:65.1,StrandBias:0.2,Multiplicity:1.15
0.001	0.898	0.001	0.100
0.942	0.018	0.001	0.039
0.001	0.105	0.885	0.009
0.783	0.038	0.178	0.001
0.068	0.043	0.049	0.840
0.010	0.022	0.951	0.017
0.001	0.001	0.978	0.020
0.067	0.836	0.068	0.029
>CAGCTGCG	3-CAGCTGCG	8.310005	-34.995124	0	T:207.0(20.31%),B:5476.8(11.54%),P:1e-15	Tpos:100.5,Tstd:53.2,Bpos:101.2,Bstd:70.1,StrandBias:0.3,Multiplicity:1.16
0.001	0.997	0.001	0.001
0.997	0.001	0.001	0.001
0.001	0.001	0.997	0.001
0.001	0.997	0.001	0.001
0.001	0.001	0.001	0.997
0.001	0.001	0.997	0.001
0.326	0.490	0.173	0.011
0.001	0.117	0.517	0.365
>ACAAATGA	4-ACAAATGA	5.775146	-30.041857	0	T:148.0(14.52%),B:3637.4(7.67%),P:1e-13	Tpos:99.1,Tstd:56.6,Bpos:99.8,Bstd:62.2,StrandBias:-0.2,Multiplicity:1.08
0.893	0.056	0.050	0.001
0.047	0.918	0.034	0.001
0.810	0.001	0.188	0.001
0.841	0.109	0.033	0.017
0.859	0.029	0.051	0.061
0.066	0.001	0.078	0.855
0.001	0.083	0.894	0.022
0.973	0.001	0.001	0.025
>CAAACAGC	5-CAAACAGC	6.453351	-29.895240	0	T:210.0(20.61%),B:5877.4(12.39%),P:1e-12	Tpos:100.6,Tstd:54.4,Bpos:99.0,Bstd:65.5,StrandBias:-0.0,Multiplicity:1.21
0.223	0.443	0.120	0.213
0.795	0.203	0.001	0.001
0.578	0.202	0.184	0.036
0.739	0.001	0.001	0.259
0.218	0.780	0.001	0.001
0.997	0.001	0.001	0.001
0.001	0.260	0.545	0.194
0.398	0.595	0.001	0.006
>AAAGACGC	6-AAAGACGC	4.747537	-28.749366	0	T:403.0(39.55%),B:13751.8(28.98%),P:1e-12	Tpos:101.6,Tstd:56.2,Bpos:100.7,Bstd:63.1,StrandBias:-0.1,Multiplicity:1.24
0.761	0.123	0.037	0.079
0.726	0.094	0.095	0.085
0.711	0.033	0.125	0.131
0.051	0.107	0.752	0.090
0.751	0.167	0.041	0.041
0.054	0.815	0.043	0.088
0.061	0.169	0.726	0.044
0.036	0.768	0.081	0.115
>GGCTGTTA	7-GGCTGTTA	5.492444	-27.362054	0	T:255.0(25.02%),B:7773.8(16.38%),P:1e-11	Tpos:90.6,Tstd:53.0,Bpos:99.0,Bstd:67.4,StrandBias:-0.1,Multiplicity:1.11
0.093	0.050	0.760	0.097
0.029	0.094	0.828	0.049
0.114	0.763	0.066	0.057
0.098	0.083	0.111	0.708
0.117	0.022	0.778	0.083
0.087	0.137	0.043	0.733
0.019	0.115	0.114	0.752
0.689	0.028	0.136	0.147
>ATGGTAAC	8-ATGGTAAC	6.621159	-26.209367	0	T:102.0(10.01%),B:2267.8(4.78%),P:1e-11	Tpos:103.0,Tstd:53.5,Bpos:97.5,Bstd:60.6,StrandBias:-0.2,Multiplicity:1.12
0.857	0.084	0.058	0.001
0.001	0.001	0.132	0.866
0.014	0.001	0.984	0.001
0.001	0.001	0.997	0.001
0.107	0.307	0.001	0.585
0.889	0.001	0.054	0.056
0.997	0.001	0.001	0.001
0.039	0.952	0.001	0.008
>AATTAACA	9-AATTAACA	7.034330	-22.875430	0	T:91.0(8.93%),B:2046.9(4.31%),P:1e-9	Tpos:96.4,Tstd:56.6,Bpos:100.5,Bstd:61.5,StrandBias:-0.2,Multiplicity:1.07
0.815	0.044	0.140	0.001
0.733	0.128	0.100	0.039
0.078	0.001	0.001	0.920
0.001	0.001	0.001	0.997
0.811	0.123	0.001	0.065
0.916	0.001	0.082	0.001
0.133	0.802	0.064	0.001
0.997	0.001	0.001	0.001
>AGGGAGCA	10-AGGGAGCA	5.639600	-21.123214	0	T:418.0(41.02%),B:15152.6(31.93%),P:1e-9	Tpos:100.4,Tstd:56.5,Bpos:100.4,Bstd:62.6,StrandBias:0.0,Multiplicity:1.31
0.960	0.001	0.001	0.038
0.040	0.077	0.848	0.035
0.057	0.050	0.892	0.001
0.001	0.001	0.997	0.001
0.796	0.001	0.202	0.001
0.001	0.029	0.969	0.001
0.067	0.814	0.118	0.001
0.789	0.124	0.001	0.086
>ATCACCGC	11-ATCACCGC	6.501212	-16.989677	0	T:124.0(12.17%),B:3498.8(7.37%),P:1e-7	Tpos:101.5,Tstd:53.1,Bpos:101.0,Bstd:63.0,StrandBias:-0.3,Multiplicity:1.04
0.775	0.054	0.097	0.074
0.001	0.001	0.068	0.930
0.001	0.969	0.029	0.001
0.837	0.082	0.001	0.080
0.001	0.997	0.001	0.001
0.120	0.748	0.056	0.076
0.141	0.001	0.813	0.045
0.040	0.958	0.001	0.001
>ATGCGTTT	12-ATGCGTTT	6.830032	-15.503479	0	T:63.0(6.18%),B:1445.5(3.05%),P:1e-6	Tpos:104.1,Tstd:59.7,Bpos:101.6,Bstd:63.2,StrandBias:-0.1,Multiplicity:1.03
0.918	0.037	0.044	0.001
0.009	0.079	0.059	0.853
0.001	0.021	0.977	0.001
0.034	0.848	0.001	0.117
0.141	0.001	0.757	0.101
0.001	0.062	0.035	0.902
0.031	0.001	0.001	0.967
0.001	0.176	0.001	0.822
>ATCTTGTC	13-ATCTTGTC	8.938935	-11.888931	0	T:35.0(3.43%),B:703.0(1.48%),P:1e-5	Tpos:118.9,Tstd:57.3,Bpos:101.0,Bstd:61.5,StrandBias:0.9,Multiplicity:1.03
0.742	0.001	0.256	0.001
0.001	0.001	0.320	0.678
0.001	0.757	0.001	0.241
0.001	0.001	0.001	0.997
0.001	0.001	0.001	0.997
0.001	0.001	0.971	0.027
0.001	0.001	0.001	0.997
0.001	0.997	0.001	0.001
>GGCGAGGC	14-GGCGAGGC	7.578882	-10.336152	0	T:128.0(12.56%),B:4166.4(8.78%),P:1e-4	Tpos:107.0,Tstd:55.8,Bpos:99.0,Bstd:62.8,StrandBias:-0.2,Multiplicity:1.23
0.040	0.340	0.619	0.001
0.216	0.001	0.714	0.069
0.107	0.891	0.001	0.001
0.053	0.001	0.945	0.001
0.903	0.001	0.094	0.002
0.001	0.001	0.889	0.109
0.001	0.005	0.993	0.001
0.160	0.838	0.001	0.001
