>NACACACACACA	9-NACACACACACA	4.138200	-6.737638	0	T:146.0(65.77%),B:27094.4(55.50%),P:1e-2
0.232	0.304	0.182	0.283
0.589	0.155	0.121	0.135
0.104	0.593	0.175	0.128
0.589	0.081	0.094	0.236
0.108	0.582	0.222	0.088
0.642	0.135	0.061	0.162
0.131	0.634	0.141	0.094
0.750	0.088	0.074	0.088
0.148	0.573	0.121	0.158
0.643	0.128	0.047	0.182
0.131	0.613	0.148	0.108
0.488	0.175	0.121	0.215
