>GCTCTCTCTCTS	8-GCTCTCTCTCTS,BestGuess:PRDM1/MA0508.3/Jaspar(0.641)	8.202935	-9.140544	0	T:17.0(7.66%),B:1295.1(2.65%),P:1e-3
0.029	0.210	0.621	0.140
0.001	0.676	0.023	0.300
0.015	0.238	0.023	0.724
0.015	0.566	0.213	0.206
0.143	0.242	0.132	0.483
0.014	0.941	0.044	0.001
0.274	0.231	0.001	0.494
0.149	0.564	0.286	0.001
0.214	0.283	0.001	0.502
0.194	0.643	0.148	0.015
0.188	0.125	0.207	0.480
0.015	0.539	0.422	0.024
