>SAGAGAGAGAGC	8-GCTCTCTCTCTS	8.202935	-9.140544	0	T:17.0(7.66%),B:1295.1(2.65%),P:1e-3
0.024	0.422	0.539	0.015
0.480	0.207	0.125	0.188
0.015	0.148	0.643	0.194
0.502	0.001	0.283	0.214
0.001	0.286	0.564	0.149
0.494	0.001	0.231	0.274
0.001	0.044	0.941	0.014
0.483	0.132	0.242	0.143
0.206	0.213	0.566	0.015
0.724	0.023	0.238	0.015
0.300	0.023	0.676	0.001
0.140	0.621	0.210	0.029
