>GAGGGGCGGGGA	23-GAGGGGCGGGGA	9.190874	-16.179317	0	T:90.0(19.91%),B:5520.6(11.35%),P:1e-7
0.074	0.023	0.827	0.076
0.782	0.102	0.049	0.067
0.079	0.041	0.879	0.001
0.066	0.096	0.792	0.046
0.019	0.053	0.878	0.050
0.074	0.023	0.902	0.001
0.100	0.723	0.081	0.096
0.001	0.061	0.841	0.097
0.082	0.004	0.859	0.055
0.066	0.001	0.932	0.001
0.070	0.079	0.850	0.001
0.734	0.084	0.090	0.092
