>GCCCCCTRGTGG	1-GCCCCCTRGTGG,BestGuess:CTCF.CTCF.C2H2(0.886)	9.730519	-99.798071	0	T:59.0(13.05%),B:519.6(1.07%),P:1e-43
0.099	0.055	0.694	0.152
0.107	0.891	0.001	0.001
0.053	0.945	0.001	0.001
0.399	0.559	0.001	0.041
0.001	0.736	0.001	0.262
0.001	0.890	0.001	0.108
0.361	0.053	0.001	0.585
0.371	0.144	0.437	0.048
0.162	0.136	0.701	0.001
0.064	0.132	0.001	0.803
0.085	0.001	0.913	0.001
0.001	0.144	0.854	0.001
