>CCACYAGGGGGC	1-GCCCCCTRGTGG	9.730519	-99.798071	0	T:59.0(13.05%),B:519.6(1.07%),P:1e-43
0.001	0.854	0.144	0.001
0.001	0.913	0.001	0.085
0.803	0.001	0.132	0.064
0.001	0.701	0.136	0.162
0.048	0.437	0.144	0.371
0.585	0.001	0.053	0.361
0.108	0.001	0.890	0.001
0.262	0.001	0.736	0.001
0.041	0.001	0.559	0.399
0.001	0.001	0.945	0.053
0.001	0.001	0.891	0.107
0.152	0.694	0.055	0.099
