>GCCCCCTRGTGG	1-GCCCCCTRGTGG	9.730519	-99.798071	0	T:59.0(13.05%),B:519.6(1.07%),P:1e-43	Tpos:105.3,Tstd:29.6,Bpos:95.0,Bstd:57.2,StrandBias:0.6,Multiplicity:1.02
0.099	0.055	0.694	0.152
0.107	0.891	0.001	0.001
0.053	0.945	0.001	0.001
0.399	0.559	0.001	0.041
0.001	0.736	0.001	0.262
0.001	0.890	0.001	0.108
0.361	0.053	0.001	0.585
0.371	0.144	0.437	0.048
0.162	0.136	0.701	0.001
0.064	0.132	0.001	0.803
0.085	0.001	0.913	0.001
0.001	0.144	0.854	0.001
>CTAGACCAAAGA	2-CTAGACCAAAGA	10.660528	-34.765657	0	T:15.0(3.32%),B:72.8(0.15%),P:1e-15	Tpos:96.4,Tstd:52.9,Bpos:93.6,Bstd:50.5,StrandBias:0.2,Multiplicity:1.00
0.132	0.866	0.001	0.001
0.139	0.108	0.001	0.752
0.778	0.001	0.220	0.001
0.001	0.001	0.997	0.001
0.866	0.001	0.132	0.001
0.226	0.672	0.101	0.001
0.001	0.866	0.001	0.132
0.860	0.001	0.138	0.001
0.886	0.112	0.001	0.001
0.846	0.001	0.152	0.001
0.001	0.001	0.997	0.001
0.602	0.265	0.001	0.132
>GCCCCGCCCCGG	3-GCCCCGCCCCGG	11.487581	-30.191659	0	T:44.0(9.73%),B:1240.6(2.55%),P:1e-13	Tpos:92.5,Tstd:53.9,Bpos:82.2,Bstd:58.0,StrandBias:-0.3,Multiplicity:1.05
0.001	0.001	0.997	0.001
0.001	0.885	0.001	0.113
0.001	0.997	0.001	0.001
0.001	0.997	0.001	0.001
0.001	0.997	0.001	0.001
0.086	0.001	0.912	0.001
0.001	0.997	0.001	0.001
0.190	0.802	0.007	0.001
0.166	0.832	0.001	0.001
0.001	0.997	0.001	0.001
0.191	0.034	0.654	0.121
0.288	0.016	0.610	0.086
>ACKCTGATTGGC	4-ACKCTGATTGGC	7.535279	-26.421914	0	T:44.0(9.73%),B:1390.7(2.86%),P:1e-11	Tpos:109.2,Tstd:48.3,Bpos:96.2,Bstd:59.7,StrandBias:0.3,Multiplicity:1.00
0.744	0.124	0.002	0.130
0.189	0.699	0.001	0.111
0.049	0.049	0.517	0.385
0.049	0.659	0.195	0.097
0.097	0.001	0.001	0.901
0.049	0.001	0.899	0.051
0.690	0.115	0.049	0.146
0.148	0.049	0.183	0.620
0.001	0.083	0.129	0.787
0.001	0.097	0.680	0.222
0.001	0.001	0.997	0.001
0.001	0.809	0.043	0.147
>CCCATTGGGTGT	5-CCCATTGGGTGT	10.199496	-26.406039	0	T:16.0(3.54%),B:155.3(0.32%),P:1e-11	Tpos:96.6,Tstd:40.9,Bpos:91.1,Bstd:58.7,StrandBias:0.3,Multiplicity:1.00
0.001	0.906	0.001	0.092
0.092	0.906	0.001	0.001
0.001	0.997	0.001	0.001
0.997	0.001	0.001	0.001
0.276	0.065	0.001	0.658
0.001	0.001	0.092	0.906
0.001	0.001	0.997	0.001
0.001	0.001	0.629	0.369
0.001	0.148	0.666	0.185
0.184	0.006	0.001	0.809
0.001	0.001	0.814	0.184
0.185	0.090	0.001	0.724
>TGAGTCACTCGG	6-TGAGTCACTCGG	10.411514	-25.665687	0	T:13.0(2.88%),B:91.2(0.19%),P:1e-11	Tpos:68.8,Tstd:52.7,Bpos:106.4,Bstd:60.7,StrandBias:0.2,Multiplicity:1.00
0.001	0.001	0.185	0.813
0.001	0.185	0.813	0.001
0.722	0.001	0.092	0.185
0.092	0.001	0.906	0.001
0.001	0.092	0.001	0.906
0.001	0.997	0.001	0.001
0.762	0.145	0.001	0.092
0.001	0.997	0.001	0.001
0.001	0.001	0.144	0.854
0.185	0.799	0.015	0.001
0.001	0.092	0.722	0.185
0.001	0.185	0.722	0.092
>GCCATTCTGGAG	7-GCCATTCTGGAG	13.859766	-25.282256	0	T:7.0(1.55%),B:10.9(0.02%),P:1e-10	Tpos:152.3,Tstd:29.4,Bpos:87.0,Bstd:43.2,StrandBias:1.3,Multiplicity:1.00
0.001	0.145	0.853	0.001
0.001	0.853	0.145	0.001
0.001	0.997	0.001	0.001
0.997	0.001	0.001	0.001
0.001	0.001	0.145	0.853
0.146	0.001	0.146	0.707
0.001	0.997	0.001	0.001
0.001	0.001	0.001	0.997
0.001	0.001	0.997	0.001
0.001	0.145	0.853	0.001
0.997	0.001	0.001	0.001
0.001	0.001	0.997	0.001
>ATGAAAAGCCTG	8-ATGAAAAGCCTG	12.727041	-25.282256	0	T:7.0(1.55%),B:10.9(0.02%),P:1e-10	Tpos:156.3,Tstd:43.9,Bpos:107.8,Bstd:55.9,StrandBias:1.3,Multiplicity:1.00
0.997	0.001	0.001	0.001
0.001	0.001	0.001	0.997
0.001	0.001	0.997	0.001
0.997	0.001	0.001	0.001
0.997	0.001	0.001	0.001
0.997	0.001	0.001	0.001
0.997	0.001	0.001	0.001
0.001	0.172	0.826	0.001
0.001	0.997	0.001	0.001
0.001	0.997	0.001	0.001
0.133	0.173	0.001	0.693
0.173	0.173	0.653	0.001
>CCCCCTGCTGGT	9-CCCCCTGCTGGT	13.372450	-24.081432	0	T:10.0(2.21%),B:46.5(0.10%),P:1e-10	Tpos:91.4,Tstd:44.3,Bpos:83.9,Bstd:58.3,StrandBias:-1.6,Multiplicity:1.00
0.175	0.690	0.134	0.001
0.001	0.865	0.001	0.133
0.001	0.883	0.001	0.115
0.001	0.997	0.001	0.001
0.001	0.997	0.001	0.001
0.001	0.001	0.001	0.997
0.001	0.001	0.997	0.001
0.001	0.997	0.001	0.001
0.001	0.001	0.001	0.997
0.001	0.001	0.997	0.001
0.001	0.090	0.908	0.001
0.001	0.174	0.001	0.824
>AGTGAATTDAAT	10-AGTGAATTDAAT	10.957556	-23.236723	0	T:11.0(2.43%),B:69.0(0.14%),P:1e-10	Tpos:104.4,Tstd:57.5,Bpos:95.2,Bstd:69.7,StrandBias:0.8,Multiplicity:1.00
0.997	0.001	0.001	0.001
0.310	0.001	0.688	0.001
0.012	0.311	0.001	0.676
0.001	0.001	0.997	0.001
0.997	0.001	0.001	0.001
0.997	0.001	0.001	0.001
0.001	0.001	0.001	0.997
0.313	0.001	0.052	0.634
0.364	0.001	0.311	0.324
0.997	0.001	0.001	0.001
0.674	0.324	0.001	0.001
0.311	0.001	0.001	0.687
>TTGAGAGCCCTG	11-TTGAGAGCCCTG	13.986521	-22.958934	0	T:7.0(1.55%),B:14.6(0.03%),P:1e-9	Tpos:56.9,Tstd:16.2,Bpos:107.7,Bstd:53.8,StrandBias:2.6,Multiplicity:1.00
0.001	0.130	0.157	0.712
0.001	0.001	0.157	0.841
0.001	0.001	0.997	0.001
0.814	0.184	0.001	0.001
0.001	0.001	0.997	0.001
0.997	0.001	0.001	0.001
0.001	0.001	0.997	0.001
0.001	0.997	0.001	0.001
0.001	0.814	0.184	0.001
0.001	0.997	0.001	0.001
0.001	0.001	0.001	0.997
0.001	0.001	0.997	0.001
>CACCCCATTCTG	12-CACCCCATTCTG	13.693990	-22.958934	0	T:7.0(1.55%),B:14.7(0.03%),P:1e-9	Tpos:83.9,Tstd:49.6,Bpos:116.2,Bstd:70.4,StrandBias:0.4,Multiplicity:1.00
0.001	0.997	0.001	0.001
0.997	0.001	0.001	0.001
0.001	0.997	0.001	0.001
0.001	0.997	0.001	0.001
0.001	0.636	0.362	0.001
0.001	0.997	0.001	0.001
0.661	0.169	0.001	0.169
0.001	0.001	0.001	0.997
0.001	0.001	0.001	0.997
0.001	0.997	0.001	0.001
0.001	0.001	0.001	0.997
0.001	0.129	0.869	0.001
>CTTCCTGGATRA	13-CTTCCTGGATRA	11.182371	-22.615941	0	T:13.0(2.88%),B:117.5(0.24%),P:1e-9	Tpos:76.4,Tstd:51.5,Bpos:94.8,Bstd:62.2,StrandBias:0.0,Multiplicity:1.08
0.001	0.997	0.001	0.001
0.204	0.001	0.001	0.794
0.001	0.001	0.001	0.997
0.001	0.786	0.001	0.212
0.001	0.786	0.001	0.212
0.163	0.001	0.001	0.835
0.001	0.001	0.997	0.001
0.216	0.001	0.570	0.213
0.635	0.001	0.363	0.001
0.150	0.001	0.001	0.848
0.430	0.001	0.532	0.037
0.639	0.359	0.001	0.001
>ACATAGTTCTCC	14-ACATAGTTCTCC	14.640156	-21.912151	0	T:4.0(0.88%),B:0.9(0.00%),P:1e-9	Tpos:89.8,Tstd:56.4,Bpos:135.0,Bstd:0.0,StrandBias:-1.6,Multiplicity:1.00
0.749	0.001	0.001	0.249
0.001	0.749	0.249	0.001
0.997	0.001	0.001	0.001
0.001	0.001	0.001	0.997
0.997	0.001	0.001	0.001
0.001	0.001	0.997	0.001
0.249	0.001	0.001	0.749
0.001	0.001	0.001	0.997
0.001	0.997	0.001	0.001
0.001	0.001	0.001	0.997
0.001	0.997	0.001	0.001
0.001	0.997	0.001	0.001
>TCGAGTCCCTTC	15-TCGAGTCCCTTC	11.242134	-20.716747	0	T:14.0(3.10%),B:166.4(0.34%),P:1e-8	Tpos:107.9,Tstd:70.4,Bpos:96.6,Bstd:57.1,StrandBias:1.3,Multiplicity:1.00
0.001	0.393	0.001	0.605
0.001	0.793	0.205	0.001
0.001	0.412	0.586	0.001
0.588	0.182	0.001	0.229
0.001	0.001	0.997	0.001
0.001	0.001	0.135	0.863
0.001	0.997	0.001	0.001
0.175	0.823	0.001	0.001
0.001	0.997	0.001	0.001
0.001	0.001	0.001	0.997
0.001	0.001	0.127	0.871
0.175	0.688	0.001	0.136
>GTAGGCGGGGCT	16-GTAGGCGGGGCT	10.382547	-20.489949	0	T:38.0(8.41%),B:1313.4(2.70%),P:1e-8	Tpos:91.2,Tstd:52.6,Bpos:90.4,Bstd:57.7,StrandBias:-0.5,Multiplicity:1.15
0.094	0.117	0.788	0.001
0.084	0.273	0.148	0.496
0.741	0.001	0.191	0.067
0.001	0.001	0.997	0.001
0.080	0.094	0.825	0.001
0.245	0.578	0.001	0.176
0.001	0.001	0.961	0.037
0.001	0.001	0.997	0.001
0.001	0.001	0.997	0.001
0.001	0.001	0.997	0.001
0.001	0.948	0.001	0.050
0.127	0.105	0.033	0.735
>CGCCTGGGAAAA	17-CGCCTGGGAAAA	8.668663	-20.461105	0	T:27.0(5.97%),B:708.2(1.46%),P:1e-8	Tpos:94.5,Tstd:59.3,Bpos:96.9,Bstd:60.9,StrandBias:1.1,Multiplicity:1.08
0.161	0.486	0.031	0.322
0.001	0.179	0.659	0.161
0.012	0.967	0.001	0.020
0.001	0.677	0.001	0.321
0.001	0.001	0.160	0.838
0.001	0.001	0.838	0.160
0.160	0.001	0.838	0.001
0.160	0.001	0.838	0.001
0.997	0.001	0.001	0.001
0.838	0.001	0.160	0.001
0.984	0.001	0.014	0.001
0.966	0.032	0.001	0.001
>TGGCMWCRAGKT	18-TGGCMWCRAGKT	10.097000	-20.176616	0	T:7.0(1.55%),B:21.3(0.04%),P:1e-8	Tpos:103.1,Tstd:45.5,Bpos:89.8,Bstd:46.9,StrandBias:-0.3,Multiplicity:1.29
0.001	0.001	0.001	0.997
0.001	0.001	0.997	0.001
0.001	0.001	0.997	0.001
0.001	0.997	0.001	0.001
0.500	0.476	0.001	0.024
0.451	0.001	0.001	0.547
0.001	0.997	0.001	0.001
0.547	0.001	0.451	0.001
0.997	0.001	0.001	0.001
0.001	0.023	0.975	0.001
0.001	0.001	0.451	0.547
0.001	0.001	0.001	0.997
>ATAGTTTCGCAT	19-ATAGTTTCGCAT	10.216369	-19.146928	0	T:4.0(0.88%),B:2.8(0.01%),P:1e-8	Tpos:70.2,Tstd:62.5,Bpos:137.0,Bstd:75.3,StrandBias:1.6,Multiplicity:1.00
0.997	0.001	0.001	0.001
0.058	0.001	0.001	0.940
0.997	0.001	0.001	0.001
0.001	0.001	0.997	0.001
0.001	0.001	0.001	0.997
0.001	0.001	0.001	0.997
0.175	0.001	0.001	0.823
0.058	0.940	0.001	0.001
0.001	0.001	0.997	0.001
0.001	0.997	0.001	0.001
0.823	0.175	0.001	0.001
0.001	0.001	0.001	0.997
>TCAGTGAAATGA	20-TCAGTGAAATGA	9.988822	-18.552182	0	T:6.0(1.33%),B:15.7(0.03%),P:1e-8	Tpos:98.5,Tstd:43.9,Bpos:116.7,Bstd:63.8,StrandBias:-2.3,Multiplicity:1.00
0.001	0.001	0.001	0.997
0.001	0.997	0.001	0.001
0.943	0.055	0.001	0.001
0.001	0.231	0.767	0.001
0.111	0.001	0.001	0.887
0.001	0.001	0.997	0.001
0.943	0.001	0.001	0.055
0.997	0.001	0.001	0.001
0.997	0.001	0.001	0.001
0.001	0.001	0.001	0.997
0.001	0.001	0.997	0.001
0.997	0.001	0.001	0.001
>TTTTTAAATACA	21-TTTTTAAATACA	10.229132	-18.209449	0	T:14.0(3.10%),B:203.6(0.42%),P:1e-7	Tpos:111.6,Tstd:55.9,Bpos:103.3,Bstd:51.9,StrandBias:0.8,Multiplicity:1.00
0.001	0.001	0.095	0.903
0.095	0.001	0.001	0.903
0.001	0.001	0.001	0.997
0.001	0.169	0.191	0.639
0.169	0.096	0.096	0.639
0.831	0.001	0.095	0.073
0.809	0.001	0.095	0.095
0.823	0.081	0.095	0.001
0.095	0.001	0.001	0.903
0.749	0.073	0.177	0.001
0.001	0.917	0.001	0.081
0.917	0.081	0.001	0.001
>AACACAGGATGT	22-AACACAGGATGT	10.974945	-16.765056	0	T:5.0(1.11%),B:10.0(0.02%),P:1e-7	Tpos:110.5,Tstd:44.8,Bpos:84.8,Bstd:55.2,StrandBias:2.8,Multiplicity:1.60
0.997	0.001	0.001	0.001
0.997	0.001	0.001	0.001
0.001	0.969	0.029	0.001
0.997	0.001	0.001	0.001
0.001	0.997	0.001	0.001
0.828	0.001	0.025	0.146
0.001	0.001	0.997	0.001
0.001	0.001	0.997	0.001
0.854	0.144	0.001	0.001
0.175	0.001	0.001	0.823
0.001	0.001	0.997	0.001
0.001	0.001	0.001	0.997
>GAGGGGCGGGGA	23-GAGGGGCGGGGA	9.190874	-16.179317	0	T:90.0(19.91%),B:5520.6(11.35%),P:1e-7	Tpos:88.4,Tstd:51.9,Bpos:91.0,Bstd:60.3,StrandBias:0.8,Multiplicity:1.31
0.074	0.023	0.827	0.076
0.782	0.102	0.049	0.067
0.079	0.041	0.879	0.001
0.066	0.096	0.792	0.046
0.019	0.053	0.878	0.050
0.074	0.023	0.902	0.001
0.100	0.723	0.081	0.096
0.001	0.061	0.841	0.097
0.082	0.004	0.859	0.055
0.066	0.001	0.932	0.001
0.070	0.079	0.850	0.001
0.734	0.084	0.090	0.092
>GGCTGGAGGTGT	24-GGCTGGAGGTGT	12.355432	-7.873332	0	T:2.0(0.44%),B:4.0(0.01%),P:1e-3	Tpos:84.5,Tstd:58.6,Bpos:106.8,Bstd:41.7,StrandBias:-1.6,Multiplicity:2.00
0.100	0.100	0.700	0.100
0.100	0.100	0.700	0.100
0.100	0.700	0.100	0.100
0.100	0.100	0.100	0.700
0.100	0.100	0.700	0.100
0.100	0.100	0.700	0.100
0.700	0.100	0.100	0.100
0.100	0.100	0.700	0.100
0.100	0.100	0.700	0.100
0.100	0.100	0.100	0.700
0.100	0.100	0.700	0.100
0.100	0.100	0.100	0.700
>CCCCCCGCCGCG	25-CCCCCCGCCGCG	12.355432	-3.842658	0	T:2.0(0.44%),B:24.1(0.05%),P:1e-1	Tpos:85.6,Tstd:49.8,Bpos:72.2,Bstd:58.5,StrandBias:10.0,Multiplicity:5.50
0.100	0.700	0.100	0.100
0.100	0.700	0.100	0.100
0.100	0.700	0.100	0.100
0.100	0.700	0.100	0.100
0.100	0.700	0.100	0.100
0.100	0.700	0.100	0.100
0.100	0.100	0.700	0.100
0.100	0.700	0.100	0.100
0.100	0.700	0.100	0.100
0.100	0.100	0.700	0.100
0.100	0.700	0.100	0.100
0.100	0.100	0.700	0.100
