>TCTAGTGG	1-TCTAGTGG	9.382367	-39.026976	0	T:28.0(6.19%),B:345.0(0.71%),P:1e-16	Tpos:110.5,Tstd:36.0,Bpos:97.2,Bstd:56.3,StrandBias:1.5,Multiplicity:1.11
0.001	0.203	0.001	0.795
0.001	0.997	0.001	0.001
0.001	0.001	0.001	0.997
0.997	0.001	0.001	0.001
0.001	0.001	0.997	0.001
0.001	0.089	0.001	0.909
0.001	0.001	0.997	0.001
0.001	0.001	0.997	0.001
>TGATTGGC	2-TGATTGGC	7.046692	-25.838775	0	T:52.0(11.50%),B:1892.9(3.89%),P:1e-11	Tpos:106.6,Tstd:32.6,Bpos:87.1,Bstd:60.4,StrandBias:0.2,Multiplicity:1.06
0.001	0.208	0.124	0.667
0.071	0.001	0.877	0.051
0.859	0.030	0.110	0.001
0.001	0.001	0.001	0.997
0.001	0.001	0.054	0.944
0.001	0.001	0.997	0.001
0.001	0.001	0.997	0.001
0.001	0.934	0.001	0.064
>GAAAMGCV	3-GAAAMGCV	6.401031	-25.175453	0	T:92.0(20.35%),B:4748.0(9.76%),P:1e-10	Tpos:113.3,Tstd:51.1,Bpos:98.7,Bstd:62.3,StrandBias:0.4,Multiplicity:1.10
0.262	0.084	0.518	0.136
0.722	0.276	0.001	0.001
0.822	0.001	0.071	0.106
0.818	0.086	0.001	0.095
0.482	0.388	0.129	0.001
0.001	0.001	0.997	0.001
0.001	0.851	0.001	0.147
0.334	0.262	0.403	0.001
>CTATAGCG	4-CTATAGCG	5.559986	-22.645132	0	T:58.0(12.83%),B:2469.2(5.08%),P:1e-9	Tpos:94.2,Tstd:53.9,Bpos:100.9,Bstd:64.0,StrandBias:-0.1,Multiplicity:1.07
0.100	0.650	0.178	0.072
0.124	0.140	0.108	0.628
0.679	0.144	0.074	0.103
0.067	0.057	0.138	0.738
0.727	0.115	0.078	0.080
0.054	0.033	0.829	0.084
0.036	0.914	0.046	0.004
0.059	0.037	0.847	0.057
>ACCACCAG	5-ACCACCAG	7.552276	-21.398541	0	T:65.0(14.38%),B:3047.1(6.27%),P:1e-9	Tpos:93.9,Tstd:47.8,Bpos:101.7,Bstd:56.1,StrandBias:-0.0,Multiplicity:1.17
0.917	0.001	0.081	0.001
0.029	0.944	0.026	0.001
0.021	0.935	0.014	0.030
0.755	0.001	0.134	0.110
0.015	0.765	0.210	0.010
0.001	0.997	0.001	0.001
0.814	0.066	0.001	0.119
0.001	0.053	0.945	0.001
>CATTMWSD	6-CATTMWSD	4.316766	-21.048303	0	T:105.0(23.23%),B:6202.4(12.75%),P:1e-9	Tpos:99.0,Tstd:57.5,Bpos:99.7,Bstd:61.5,StrandBias:0.3,Multiplicity:1.27
0.167	0.432	0.173	0.228
0.523	0.057	0.273	0.147
0.114	0.142	0.192	0.552
0.224	0.061	0.099	0.616
0.397	0.534	0.012	0.057
0.423	0.170	0.109	0.298
0.080	0.419	0.477	0.024
0.378	0.006	0.318	0.298
>GAGTCCGC	7-GAGTCCGC	6.330500	-18.577739	0	T:107.0(23.67%),B:6663.8(13.70%),P:1e-8	Tpos:94.1,Tstd:49.6,Bpos:101.2,Bstd:64.5,StrandBias:-0.3,Multiplicity:1.23
0.029	0.051	0.919	0.001
0.884	0.085	0.030	0.001
0.055	0.069	0.844	0.032
0.001	0.033	0.052	0.914
0.001	0.958	0.015	0.026
0.026	0.940	0.033	0.001
0.001	0.001	0.978	0.020
0.086	0.759	0.154	0.001
>TCGCATTG	8-TCGCATTG	6.756027	-18.008676	0	T:37.0(8.19%),B:1380.2(2.84%),P:1e-7	Tpos:84.5,Tstd:55.8,Bpos:94.9,Bstd:65.0,StrandBias:0.7,Multiplicity:1.03
0.001	0.001	0.013	0.985
0.001	0.997	0.001	0.001
0.221	0.048	0.730	0.001
0.082	0.777	0.140	0.001
0.667	0.126	0.159	0.048
0.001	0.001	0.001	0.997
0.121	0.051	0.001	0.827
0.183	0.068	0.694	0.055
>GGCGGGGC	9-GGCGGGGC	10.743286	-16.096356	0	T:87.0(19.25%),B:5279.8(10.86%),P:1e-6	Tpos:93.5,Tstd:51.2,Bpos:87.6,Bstd:61.7,StrandBias:0.0,Multiplicity:1.70
0.001	0.001	0.997	0.001
0.001	0.001	0.997	0.001
0.001	0.862	0.001	0.136
0.001	0.001	0.997	0.001
0.001	0.001	0.931	0.067
0.001	0.001	0.997	0.001
0.001	0.104	0.894	0.001
0.001	0.997	0.001	0.001
>GGGGCGTA	10-GGGGCGTA	7.924638	-14.770348	0	T:54.0(11.95%),B:2790.9(5.74%),P:1e-6	Tpos:104.2,Tstd:54.9,Bpos:94.6,Bstd:63.5,StrandBias:0.2,Multiplicity:1.10
0.001	0.001	0.997	0.001
0.136	0.022	0.841	0.001
0.028	0.001	0.970	0.001
0.030	0.017	0.916	0.037
0.033	0.965	0.001	0.001
0.022	0.001	0.976	0.001
0.079	0.001	0.295	0.625
0.761	0.148	0.090	0.001
>WKTYTCCG	11-WKTYTCCG	5.459760	-13.982868	0	T:143.0(31.64%),B:10612.0(21.82%),P:1e-6	Tpos:101.7,Tstd:58.8,Bpos:99.0,Bstd:64.0,StrandBias:-0.1,Multiplicity:1.27
0.519	0.069	0.001	0.411
0.036	0.100	0.444	0.420
0.114	0.080	0.158	0.648
0.001	0.398	0.091	0.510
0.001	0.396	0.001	0.602
0.036	0.962	0.001	0.001
0.005	0.586	0.408	0.001
0.001	0.001	0.997	0.001
>ACCGCTCA	12-ACCGCTCA	9.408591	-8.260851	0	T:12.0(2.65%),B:375.9(0.77%),P:1e-3	Tpos:92.6,Tstd:39.7,Bpos:96.7,Bstd:54.7,StrandBias:1.9,Multiplicity:1.17
0.997	0.001	0.001	0.001
0.001	0.997	0.001	0.001
0.001	0.808	0.001	0.190
0.001	0.001	0.997	0.001
0.001	0.997	0.001	0.001
0.001	0.001	0.001	0.997
0.001	0.997	0.001	0.001
0.997	0.001	0.001	0.001
