>CCATCTAGTG	1-CCATCTAGTG	11.282025	-72.108264	0	T:23.0(5.09%),B:46.6(0.10%),P:1e-31	Tpos:108.6,Tstd:32.3,Bpos:111.3,Bstd:53.1,StrandBias:1.7,Multiplicity:1.09
0.001	0.997	0.001	0.001
0.001	0.997	0.001	0.001
0.670	0.328	0.001	0.001
0.001	0.254	0.001	0.744
0.001	0.997	0.001	0.001
0.001	0.001	0.001	0.997
0.928	0.001	0.049	0.022
0.001	0.001	0.997	0.001
0.001	0.001	0.001	0.997
0.001	0.001	0.997	0.001
>MCCYCTAMTG	2-MCCYCTAMTG	8.684256	-29.986992	0	T:30.0(6.64%),B:580.7(1.19%),P:1e-13	Tpos:101.9,Tstd:46.9,Bpos:95.0,Bstd:59.2,StrandBias:0.2,Multiplicity:1.00
0.441	0.557	0.001	0.001
0.001	0.997	0.001	0.001
0.001	0.865	0.133	0.001
0.001	0.496	0.063	0.441
0.001	0.801	0.001	0.197
0.001	0.001	0.001	0.997
0.606	0.001	0.375	0.018
0.562	0.419	0.018	0.001
0.001	0.131	0.001	0.867
0.001	0.123	0.875	0.001
>AATGTGAGCA	3-AATGTGAGCA	10.167635	-24.304763	0	T:16.0(3.54%),B:180.0(0.37%),P:1e-10	Tpos:107.2,Tstd:57.0,Bpos:99.6,Bstd:58.3,StrandBias:0.4,Multiplicity:1.00
0.932	0.001	0.066	0.001
0.756	0.067	0.055	0.122
0.001	0.001	0.001	0.997
0.001	0.064	0.934	0.001
0.001	0.112	0.001	0.886
0.001	0.001	0.997	0.001
0.925	0.001	0.001	0.073
0.062	0.086	0.851	0.001
0.001	0.937	0.061	0.001
0.848	0.069	0.001	0.082
>CAGCCTACAA	4-CAGCCTACAA	10.047369	-23.613665	0	T:15.0(3.32%),B:159.4(0.33%),P:1e-10	Tpos:96.8,Tstd:53.8,Bpos:102.0,Bstd:61.7,StrandBias:0.6,Multiplicity:1.00
0.001	0.997	0.001	0.001
0.997	0.001	0.001	0.001
0.001	0.094	0.904	0.001
0.001	0.997	0.001	0.001
0.001	0.830	0.168	0.001
0.067	0.001	0.095	0.837
0.941	0.001	0.057	0.001
0.075	0.855	0.069	0.001
0.791	0.065	0.143	0.001
0.918	0.001	0.080	0.001
>GAGTCCGCTT	5-GAGTCCGCTT	6.366910	-23.414737	0	T:92.0(20.35%),B:4908.3(10.09%),P:1e-10	Tpos:97.1,Tstd:53.1,Bpos:101.0,Bstd:62.1,StrandBias:-0.0,Multiplicity:1.12
0.029	0.039	0.895	0.037
0.775	0.092	0.084	0.049
0.059	0.083	0.789	0.069
0.085	0.083	0.058	0.774
0.045	0.844	0.067	0.044
0.092	0.762	0.075	0.071
0.040	0.068	0.808	0.084
0.011	0.842	0.061	0.086
0.073	0.073	0.093	0.761
0.040	0.119	0.082	0.759
>ACCCTTTGCA	6-ACCCTTTGCA	9.273686	-22.522871	0	T:14.0(3.10%),B:144.1(0.30%),P:1e-9	Tpos:96.9,Tstd:55.7,Bpos:98.9,Bstd:50.2,StrandBias:0.4,Multiplicity:1.00
0.997	0.001	0.001	0.001
0.001	0.864	0.001	0.134
0.001	0.966	0.032	0.001
0.097	0.901	0.001	0.001
0.001	0.001	0.001	0.997
0.001	0.001	0.110	0.888
0.001	0.001	0.114	0.884
0.158	0.101	0.740	0.001
0.123	0.875	0.001	0.001
0.891	0.001	0.001	0.107
>CACCTGGTGG	7-CACCTGGTGG	9.977619	-22.342122	0	T:18.0(3.98%),B:272.2(0.56%),P:1e-9	Tpos:102.4,Tstd:30.5,Bpos:95.6,Bstd:57.7,StrandBias:-0.2,Multiplicity:1.06
0.001	0.997	0.001	0.001
0.898	0.071	0.001	0.030
0.001	0.883	0.001	0.115
0.001	0.909	0.043	0.047
0.225	0.001	0.001	0.773
0.001	0.054	0.893	0.052
0.001	0.015	0.927	0.057
0.023	0.026	0.001	0.950
0.001	0.001	0.997	0.001
0.001	0.001	0.997	0.001
>ATGAAAAGCC	8-ATGAAAAGCC	11.331811	-21.691999	0	T:9.0(1.99%),B:42.6(0.09%),P:1e-9	Tpos:137.0,Tstd:56.2,Bpos:98.5,Bstd:58.0,StrandBias:1.8,Multiplicity:1.00
0.997	0.001	0.001	0.001
0.001	0.001	0.001	0.997
0.001	0.001	0.997	0.001
0.997	0.001	0.001	0.001
0.856	0.142	0.001	0.001
0.863	0.001	0.135	0.001
0.997	0.001	0.001	0.001
0.001	0.110	0.888	0.001
0.001	0.997	0.001	0.001
0.001	0.997	0.001	0.001
>CGCCTTGGAA	9-CGCCTTGGAA	10.227827	-21.341232	0	T:14.0(3.10%),B:158.6(0.33%),P:1e-9	Tpos:112.1,Tstd:55.3,Bpos:108.5,Bstd:62.5,StrandBias:0.0,Multiplicity:1.00
0.001	0.997	0.001	0.001
0.001	0.001	0.947	0.051
0.001	0.918	0.080	0.001
0.001	0.895	0.001	0.103
0.001	0.001	0.001	0.997
0.001	0.001	0.243	0.755
0.001	0.001	0.923	0.075
0.001	0.001	0.842	0.156
0.953	0.045	0.001	0.001
0.809	0.061	0.129	0.001
>CAGAATGCGG	10-CAGAATGCGG	9.952702	-21.095323	0	T:16.0(3.54%),B:224.2(0.46%),P:1e-9	Tpos:88.1,Tstd:57.9,Bpos:98.8,Bstd:62.8,StrandBias:-0.4,Multiplicity:1.00
0.001	0.930	0.068	0.001
0.900	0.001	0.098	0.001
0.001	0.001	0.841	0.157
0.951	0.001	0.047	0.001
0.997	0.001	0.001	0.001
0.058	0.001	0.001	0.940
0.001	0.001	0.997	0.001
0.047	0.908	0.044	0.001
0.106	0.093	0.800	0.001
0.088	0.001	0.910	0.001
>ACCGCYARAC	11-ACCGCYARAC	8.920681	-21.083329	0	T:13.0(2.88%),B:133.5(0.27%),P:1e-9	Tpos:104.6,Tstd:50.7,Bpos:101.0,Bstd:50.2,StrandBias:0.4,Multiplicity:1.17
0.634	0.364	0.001	0.001
0.001	0.997	0.001	0.001
0.001	0.997	0.001	0.001
0.001	0.001	0.997	0.001
0.001	0.997	0.001	0.001
0.001	0.557	0.001	0.441
0.997	0.001	0.001	0.001
0.496	0.001	0.502	0.001
0.957	0.001	0.041	0.001
0.001	0.997	0.001	0.001
>GAAACGCAGC	12-GAAACGCAGC	9.993892	-20.927358	0	T:19.0(4.20%),B:336.2(0.69%),P:1e-9	Tpos:115.8,Tstd:54.6,Bpos:99.7,Bstd:65.4,StrandBias:0.3,Multiplicity:1.05
0.087	0.001	0.911	0.001
0.941	0.001	0.057	0.001
0.997	0.001	0.001	0.001
0.844	0.050	0.001	0.105
0.050	0.837	0.047	0.066
0.053	0.052	0.894	0.001
0.001	0.997	0.001	0.001
0.829	0.094	0.001	0.076
0.001	0.001	0.997	0.001
0.116	0.807	0.076	0.001
>GTCTCGTTTC	13-GTCTCGTTTC	10.305086	-19.782329	0	T:11.0(2.43%),B:95.2(0.20%),P:1e-8	Tpos:85.3,Tstd:59.8,Bpos:95.0,Bstd:67.1,StrandBias:1.0,Multiplicity:1.09
0.113	0.077	0.809	0.001
0.113	0.080	0.001	0.806
0.001	0.899	0.001	0.099
0.001	0.001	0.094	0.904
0.001	0.997	0.001	0.001
0.070	0.037	0.892	0.001
0.001	0.001	0.001	0.997
0.001	0.001	0.113	0.885
0.001	0.001	0.001	0.997
0.001	0.876	0.122	0.001
>KGGGYGGGGC	14-KGGGYGGGGC	10.156715	-18.513268	0	T:74.0(16.37%),B:3969.6(8.16%),P:1e-8	Tpos:94.4,Tstd:50.1,Bpos:84.2,Bstd:58.4,StrandBias:0.1,Multiplicity:1.86
0.001	0.001	0.498	0.500
0.264	0.001	0.703	0.032
0.001	0.001	0.997	0.001
0.001	0.001	0.997	0.001
0.001	0.465	0.001	0.533
0.060	0.001	0.938	0.001
0.001	0.009	0.989	0.001
0.381	0.001	0.617	0.001
0.001	0.001	0.997	0.001
0.001	0.997	0.001	0.001
>GSCTCAGTCM	15-GSCTCAGTCM	8.428866	-18.486269	0	T:29.0(6.42%),B:887.7(1.83%),P:1e-8	Tpos:104.7,Tstd:62.1,Bpos:101.6,Bstd:60.6,StrandBias:0.4,Multiplicity:1.03
0.067	0.001	0.691	0.241
0.001	0.434	0.336	0.229
0.001	0.968	0.001	0.030
0.151	0.001	0.137	0.711
0.001	0.997	0.001	0.001
0.526	0.227	0.001	0.246
0.001	0.172	0.567	0.260
0.001	0.001	0.109	0.889
0.244	0.572	0.001	0.183
0.394	0.519	0.001	0.086
>GATAGCGCTG	16-GATAGCGCTG	8.030402	-17.903912	0	T:28.0(6.19%),B:856.1(1.76%),P:1e-7	Tpos:103.1,Tstd:55.5,Bpos:103.1,Bstd:64.7,StrandBias:0.7,Multiplicity:1.04
0.079	0.113	0.807	0.001
0.729	0.079	0.097	0.095
0.076	0.248	0.117	0.559
0.747	0.080	0.099	0.074
0.085	0.072	0.806	0.037
0.042	0.927	0.001	0.030
0.038	0.114	0.804	0.044
0.023	0.975	0.001	0.001
0.028	0.089	0.064	0.819
0.081	0.044	0.838	0.037
>AAAGCATTTA	17-AAAGCATTTA	6.849097	-17.867355	0	T:49.0(10.84%),B:2179.0(4.48%),P:1e-7	Tpos:95.6,Tstd:53.0,Bpos:99.6,Bstd:60.0,StrandBias:-0.2,Multiplicity:1.12
0.811	0.054	0.095	0.040
0.811	0.105	0.053	0.031
0.836	0.035	0.092	0.037
0.083	0.039	0.816	0.062
0.061	0.801	0.084	0.054
0.768	0.133	0.040	0.059
0.107	0.049	0.037	0.807
0.036	0.072	0.045	0.847
0.076	0.070	0.133	0.721
0.788	0.068	0.065	0.079
>AGTGAATATA	18-AGTGAATATA	11.535891	-17.165213	0	T:6.0(1.33%),B:19.3(0.04%),P:1e-7	Tpos:85.3,Tstd:46.9,Bpos:101.6,Bstd:58.8,StrandBias:0.0,Multiplicity:1.00
0.997	0.001	0.001	0.001
0.001	0.001	0.997	0.001
0.001	0.299	0.001	0.699
0.001	0.001	0.997	0.001
0.997	0.001	0.001	0.001
0.997	0.001	0.001	0.001
0.001	0.001	0.001	0.997
0.997	0.001	0.001	0.001
0.143	0.001	0.001	0.855
0.997	0.001	0.001	0.001
>CTCBGATTGG	19-CTCBGATTGG	7.063564	-16.254846	0	T:47.0(10.40%),B:2157.4(4.44%),P:1e-7	Tpos:100.0,Tstd:38.0,Bpos:91.8,Bstd:61.4,StrandBias:0.8,Multiplicity:1.15
0.001	0.880	0.002	0.117
0.055	0.088	0.051	0.806
0.001	0.835	0.115	0.049
0.001	0.352	0.292	0.355
0.050	0.200	0.625	0.125
0.878	0.067	0.053	0.002
0.133	0.075	0.117	0.675
0.236	0.001	0.018	0.745
0.007	0.002	0.990	0.001
0.250	0.034	0.715	0.001
>TGYCTGCGGG	20-TGYCTGCGGG	7.455372	-15.826169	0	T:24.0(5.31%),B:722.9(1.49%),P:1e-6	Tpos:89.3,Tstd:42.3,Bpos:99.3,Bstd:61.3,StrandBias:1.1,Multiplicity:1.12
0.035	0.052	0.046	0.867
0.028	0.096	0.682	0.194
0.067	0.471	0.022	0.441
0.037	0.607	0.063	0.293
0.047	0.270	0.030	0.653
0.272	0.235	0.464	0.029
0.194	0.645	0.121	0.040
0.334	0.030	0.568	0.068
0.038	0.222	0.553	0.187
0.300	0.048	0.461	0.191
>ACTTCCGGTC	21-ACTTCCGGTC	7.476510	-14.275967	0	T:39.0(8.63%),B:1745.5(3.59%),P:1e-6	Tpos:96.8,Tstd:50.2,Bpos:95.4,Bstd:58.9,StrandBias:-0.5,Multiplicity:1.31
0.713	0.103	0.121	0.063
0.102	0.716	0.085	0.097
0.024	0.031	0.062	0.883
0.023	0.059	0.035	0.883
0.042	0.938	0.019	0.001
0.058	0.840	0.043	0.059
0.059	0.085	0.681	0.175
0.094	0.034	0.824	0.048
0.072	0.100	0.130	0.698
0.067	0.832	0.019	0.082
>ATACAGATAC	22-ATACAGATAC	7.690068	-13.662914	0	T:20.0(4.42%),B:592.2(1.22%),P:1e-5	Tpos:98.5,Tstd:49.4,Bpos:100.5,Bstd:59.6,StrandBias:0.7,Multiplicity:1.20
0.614	0.156	0.070	0.160
0.124	0.011	0.240	0.625
0.624	0.097	0.207	0.072
0.094	0.691	0.099	0.116
0.997	0.001	0.001	0.001
0.059	0.009	0.843	0.089
0.821	0.001	0.001	0.177
0.168	0.141	0.182	0.509
0.659	0.163	0.120	0.058
0.202	0.646	0.023	0.129
>GTATCATTTC	23-GTATCATTTC	11.488559	-13.182123	0	T:4.0(0.88%),B:9.1(0.02%),P:1e-5	Tpos:70.5,Tstd:59.9,Bpos:94.9,Bstd:59.9,StrandBias:1.6,Multiplicity:1.00
0.001	0.003	0.827	0.169
0.145	0.001	0.001	0.853
0.465	0.124	0.201	0.210
0.056	0.101	0.126	0.717
0.065	0.898	0.001	0.036
0.837	0.001	0.109	0.053
0.070	0.049	0.001	0.880
0.001	0.001	0.001	0.997
0.001	0.119	0.169	0.711
0.042	0.844	0.054	0.060
