>CCATCTAGTG	1-CCATCTAGTG	11.282025	-72.108264	0	T:23.0(5.09%),B:46.6(0.10%),P:1e-31	Tpos:108.6,Tstd:32.3,Bpos:111.3,Bstd:53.1,StrandBias:1.7,Multiplicity:1.09
0.001	0.997	0.001	0.001
0.001	0.997	0.001	0.001
0.670	0.328	0.001	0.001
0.001	0.254	0.001	0.744
0.001	0.997	0.001	0.001
0.001	0.001	0.001	0.997
0.928	0.001	0.049	0.022
0.001	0.001	0.997	0.001
0.001	0.001	0.001	0.997
0.001	0.001	0.997	0.001
>MCCYCTAMTG	2-MCCYCTAMTG	8.684256	-29.986992	0	T:30.0(6.64%),B:580.7(1.19%),P:1e-13	Tpos:101.9,Tstd:46.9,Bpos:95.0,Bstd:59.2,StrandBias:0.2,Multiplicity:1.00
0.441	0.557	0.001	0.001
0.001	0.997	0.001	0.001
0.001	0.865	0.133	0.001
0.001	0.496	0.063	0.441
0.001	0.801	0.001	0.197
0.001	0.001	0.001	0.997
0.606	0.001	0.375	0.018
0.562	0.419	0.018	0.001
0.001	0.131	0.001	0.867
0.001	0.123	0.875	0.001
>AATGTGAGCA	3-AATGTGAGCA	10.167635	-24.304763	0	T:16.0(3.54%),B:180.0(0.37%),P:1e-10	Tpos:107.2,Tstd:57.0,Bpos:99.6,Bstd:58.3,StrandBias:0.4,Multiplicity:1.00
0.932	0.001	0.066	0.001
0.756	0.067	0.055	0.122
0.001	0.001	0.001	0.997
0.001	0.064	0.934	0.001
0.001	0.112	0.001	0.886
0.001	0.001	0.997	0.001
0.925	0.001	0.001	0.073
0.062	0.086	0.851	0.001
0.001	0.937	0.061	0.001
0.848	0.069	0.001	0.082
>CAGCCTACAA	4-CAGCCTACAA	10.047369	-23.613665	0	T:15.0(3.32%),B:159.4(0.33%),P:1e-10	Tpos:96.8,Tstd:53.8,Bpos:102.0,Bstd:61.7,StrandBias:0.6,Multiplicity:1.00
0.001	0.997	0.001	0.001
0.997	0.001	0.001	0.001
0.001	0.094	0.904	0.001
0.001	0.997	0.001	0.001
0.001	0.830	0.168	0.001
0.067	0.001	0.095	0.837
0.941	0.001	0.057	0.001
0.075	0.855	0.069	0.001
0.791	0.065	0.143	0.001
0.918	0.001	0.080	0.001
>GAGTCCGCTT	5-GAGTCCGCTT	6.366910	-23.414737	0	T:92.0(20.35%),B:4908.3(10.09%),P:1e-10	Tpos:97.1,Tstd:53.1,Bpos:101.0,Bstd:62.1,StrandBias:-0.0,Multiplicity:1.12
0.029	0.039	0.895	0.037
0.775	0.092	0.084	0.049
0.059	0.083	0.789	0.069
0.085	0.083	0.058	0.774
0.045	0.844	0.067	0.044
0.092	0.762	0.075	0.071
0.040	0.068	0.808	0.084
0.011	0.842	0.061	0.086
0.073	0.073	0.093	0.761
0.040	0.119	0.082	0.759
>ACCCTTTGCA	6-ACCCTTTGCA	9.273686	-22.522871	0	T:14.0(3.10%),B:144.1(0.30%),P:1e-9	Tpos:96.9,Tstd:55.7,Bpos:98.9,Bstd:50.2,StrandBias:0.4,Multiplicity:1.00
0.997	0.001	0.001	0.001
0.001	0.864	0.001	0.134
0.001	0.966	0.032	0.001
0.097	0.901	0.001	0.001
0.001	0.001	0.001	0.997
0.001	0.001	0.110	0.888
0.001	0.001	0.114	0.884
0.158	0.101	0.740	0.001
0.123	0.875	0.001	0.001
0.891	0.001	0.001	0.107
>CACCTGGTGG	7-CACCTGGTGG	9.977619	-22.342122	0	T:18.0(3.98%),B:272.2(0.56%),P:1e-9	Tpos:102.4,Tstd:30.5,Bpos:95.6,Bstd:57.7,StrandBias:-0.2,Multiplicity:1.06
0.001	0.997	0.001	0.001
0.898	0.071	0.001	0.030
0.001	0.883	0.001	0.115
0.001	0.909	0.043	0.047
0.225	0.001	0.001	0.773
0.001	0.054	0.893	0.052
0.001	0.015	0.927	0.057
0.023	0.026	0.001	0.950
0.001	0.001	0.997	0.001
0.001	0.001	0.997	0.001
>ATGAAAAGCC	8-ATGAAAAGCC	11.331811	-21.691999	0	T:9.0(1.99%),B:42.6(0.09%),P:1e-9	Tpos:137.0,Tstd:56.2,Bpos:98.5,Bstd:58.0,StrandBias:1.8,Multiplicity:1.00
0.997	0.001	0.001	0.001
0.001	0.001	0.001	0.997
0.001	0.001	0.997	0.001
0.997	0.001	0.001	0.001
0.856	0.142	0.001	0.001
0.863	0.001	0.135	0.001
0.997	0.001	0.001	0.001
0.001	0.110	0.888	0.001
0.001	0.997	0.001	0.001
0.001	0.997	0.001	0.001
>CGCCTTGGAA	9-CGCCTTGGAA	10.227827	-21.341232	0	T:14.0(3.10%),B:158.6(0.33%),P:1e-9	Tpos:112.1,Tstd:55.3,Bpos:108.5,Bstd:62.5,StrandBias:0.0,Multiplicity:1.00
0.001	0.997	0.001	0.001
0.001	0.001	0.947	0.051
0.001	0.918	0.080	0.001
0.001	0.895	0.001	0.103
0.001	0.001	0.001	0.997
0.001	0.001	0.243	0.755
0.001	0.001	0.923	0.075
0.001	0.001	0.842	0.156
0.953	0.045	0.001	0.001
0.809	0.061	0.129	0.001
>CAGAATGCGG	10-CAGAATGCGG	9.952702	-21.095323	0	T:16.0(3.54%),B:224.2(0.46%),P:1e-9	Tpos:88.1,Tstd:57.9,Bpos:98.8,Bstd:62.8,StrandBias:-0.4,Multiplicity:1.00
0.001	0.930	0.068	0.001
0.900	0.001	0.098	0.001
0.001	0.001	0.841	0.157
0.951	0.001	0.047	0.001
0.997	0.001	0.001	0.001
0.058	0.001	0.001	0.940
0.001	0.001	0.997	0.001
0.047	0.908	0.044	0.001
0.106	0.093	0.800	0.001
0.088	0.001	0.910	0.001
>ACCGCYARAC	11-ACCGCYARAC	8.920681	-21.083329	0	T:13.0(2.88%),B:133.5(0.27%),P:1e-9	Tpos:104.6,Tstd:50.7,Bpos:101.0,Bstd:50.2,StrandBias:0.4,Multiplicity:1.17
0.634	0.364	0.001	0.001
0.001	0.997	0.001	0.001
0.001	0.997	0.001	0.001
0.001	0.001	0.997	0.001
0.001	0.997	0.001	0.001
0.001	0.557	0.001	0.441
0.997	0.001	0.001	0.001
0.496	0.001	0.502	0.001
0.957	0.001	0.041	0.001
0.001	0.997	0.001	0.001
>GAAACGCAGC	12-GAAACGCAGC	9.993892	-20.927358	0	T:19.0(4.20%),B:336.2(0.69%),P:1e-9	Tpos:115.8,Tstd:54.6,Bpos:99.7,Bstd:65.4,StrandBias:0.3,Multiplicity:1.05
0.087	0.001	0.911	0.001
0.941	0.001	0.057	0.001
0.997	0.001	0.001	0.001
0.844	0.050	0.001	0.105
0.050	0.837	0.047	0.066
0.053	0.052	0.894	0.001
0.001	0.997	0.001	0.001
0.829	0.094	0.001	0.076
0.001	0.001	0.997	0.001
0.116	0.807	0.076	0.001
>GTCTCGTTTC	13-GTCTCGTTTC	10.305086	-19.782329	0	T:11.0(2.43%),B:95.2(0.20%),P:1e-8	Tpos:85.3,Tstd:59.8,Bpos:95.0,Bstd:67.1,StrandBias:1.0,Multiplicity:1.09
0.113	0.077	0.809	0.001
0.113	0.080	0.001	0.806
0.001	0.899	0.001	0.099
0.001	0.001	0.094	0.904
0.001	0.997	0.001	0.001
0.070	0.037	0.892	0.001
0.001	0.001	0.001	0.997
0.001	0.001	0.113	0.885
0.001	0.001	0.001	0.997
0.001	0.876	0.122	0.001
>KGGGYGGGGC	14-KGGGYGGGGC	10.156715	-18.513268	0	T:74.0(16.37%),B:3969.6(8.16%),P:1e-8	Tpos:94.4,Tstd:50.1,Bpos:84.2,Bstd:58.4,StrandBias:0.1,Multiplicity:1.86
0.001	0.001	0.498	0.500
0.264	0.001	0.703	0.032
0.001	0.001	0.997	0.001
0.001	0.001	0.997	0.001
0.001	0.465	0.001	0.533
0.060	0.001	0.938	0.001
0.001	0.009	0.989	0.001
0.381	0.001	0.617	0.001
0.001	0.001	0.997	0.001
0.001	0.997	0.001	0.001
>GSCTCAGTCM	15-GSCTCAGTCM	8.428866	-18.486269	0	T:29.0(6.42%),B:887.7(1.83%),P:1e-8	Tpos:104.7,Tstd:62.1,Bpos:101.6,Bstd:60.6,StrandBias:0.4,Multiplicity:1.03
0.067	0.001	0.691	0.241
0.001	0.434	0.336	0.229
0.001	0.968	0.001	0.030
0.151	0.001	0.137	0.711
0.001	0.997	0.001	0.001
0.526	0.227	0.001	0.246
0.001	0.172	0.567	0.260
0.001	0.001	0.109	0.889
0.244	0.572	0.001	0.183
0.394	0.519	0.001	0.086
>GATAGCGCTG	16-GATAGCGCTG	8.030402	-17.903912	0	T:28.0(6.19%),B:856.1(1.76%),P:1e-7	Tpos:103.1,Tstd:55.5,Bpos:103.1,Bstd:64.7,StrandBias:0.7,Multiplicity:1.04
0.079	0.113	0.807	0.001
0.729	0.079	0.097	0.095
0.076	0.248	0.117	0.559
0.747	0.080	0.099	0.074
0.085	0.072	0.806	0.037
0.042	0.927	0.001	0.030
0.038	0.114	0.804	0.044
0.023	0.975	0.001	0.001
0.028	0.089	0.064	0.819
0.081	0.044	0.838	0.037
>AAAGCATTTA	17-AAAGCATTTA	6.849097	-17.867355	0	T:49.0(10.84%),B:2179.0(4.48%),P:1e-7	Tpos:95.6,Tstd:53.0,Bpos:99.6,Bstd:60.0,StrandBias:-0.2,Multiplicity:1.12
0.811	0.054	0.095	0.040
0.811	0.105	0.053	0.031
0.836	0.035	0.092	0.037
0.083	0.039	0.816	0.062
0.061	0.801	0.084	0.054
0.768	0.133	0.040	0.059
0.107	0.049	0.037	0.807
0.036	0.072	0.045	0.847
0.076	0.070	0.133	0.721
0.788	0.068	0.065	0.079
>AGTGAATATA	18-AGTGAATATA	11.535891	-17.165213	0	T:6.0(1.33%),B:19.3(0.04%),P:1e-7	Tpos:85.3,Tstd:46.9,Bpos:101.6,Bstd:58.8,StrandBias:0.0,Multiplicity:1.00
0.997	0.001	0.001	0.001
0.001	0.001	0.997	0.001
0.001	0.299	0.001	0.699
0.001	0.001	0.997	0.001
0.997	0.001	0.001	0.001
0.997	0.001	0.001	0.001
0.001	0.001	0.001	0.997
0.997	0.001	0.001	0.001
0.143	0.001	0.001	0.855
0.997	0.001	0.001	0.001
>CTCBGATTGG	19-CTCBGATTGG	7.063564	-16.254846	0	T:47.0(10.40%),B:2157.4(4.44%),P:1e-7	Tpos:100.0,Tstd:38.0,Bpos:91.8,Bstd:61.4,StrandBias:0.8,Multiplicity:1.15
0.001	0.880	0.002	0.117
0.055	0.088	0.051	0.806
0.001	0.835	0.115	0.049
0.001	0.352	0.292	0.355
0.050	0.200	0.625	0.125
0.878	0.067	0.053	0.002
0.133	0.075	0.117	0.675
0.236	0.001	0.018	0.745
0.007	0.002	0.990	0.001
0.250	0.034	0.715	0.001
>TGYCTGCGGG	20-TGYCTGCGGG	7.455372	-15.826169	0	T:24.0(5.31%),B:722.9(1.49%),P:1e-6	Tpos:89.3,Tstd:42.3,Bpos:99.3,Bstd:61.3,StrandBias:1.1,Multiplicity:1.12
0.035	0.052	0.046	0.867
0.028	0.096	0.682	0.194
0.067	0.471	0.022	0.441
0.037	0.607	0.063	0.293
0.047	0.270	0.030	0.653
0.272	0.235	0.464	0.029
0.194	0.645	0.121	0.040
0.334	0.030	0.568	0.068
0.038	0.222	0.553	0.187
0.300	0.048	0.461	0.191
>ACTTCCGGTC	21-ACTTCCGGTC	7.476510	-14.275967	0	T:39.0(8.63%),B:1745.5(3.59%),P:1e-6	Tpos:96.8,Tstd:50.2,Bpos:95.4,Bstd:58.9,StrandBias:-0.5,Multiplicity:1.31
0.713	0.103	0.121	0.063
0.102	0.716	0.085	0.097
0.024	0.031	0.062	0.883
0.023	0.059	0.035	0.883
0.042	0.938	0.019	0.001
0.058	0.840	0.043	0.059
0.059	0.085	0.681	0.175
0.094	0.034	0.824	0.048
0.072	0.100	0.130	0.698
0.067	0.832	0.019	0.082
>ATACAGATAC	22-ATACAGATAC	7.690068	-13.662914	0	T:20.0(4.42%),B:592.2(1.22%),P:1e-5	Tpos:98.5,Tstd:49.4,Bpos:100.5,Bstd:59.6,StrandBias:0.7,Multiplicity:1.20
0.614	0.156	0.070	0.160
0.124	0.011	0.240	0.625
0.624	0.097	0.207	0.072
0.094	0.691	0.099	0.116
0.997	0.001	0.001	0.001
0.059	0.009	0.843	0.089
0.821	0.001	0.001	0.177
0.168	0.141	0.182	0.509
0.659	0.163	0.120	0.058
0.202	0.646	0.023	0.129
>GTATCATTTC	23-GTATCATTTC	11.488559	-13.182123	0	T:4.0(0.88%),B:9.1(0.02%),P:1e-5	Tpos:70.5,Tstd:59.9,Bpos:94.9,Bstd:59.9,StrandBias:1.6,Multiplicity:1.00
0.001	0.003	0.827	0.169
0.145	0.001	0.001	0.853
0.465	0.124	0.201	0.210
0.056	0.101	0.126	0.717
0.065	0.898	0.001	0.036
0.837	0.001	0.109	0.053
0.070	0.049	0.001	0.880
0.001	0.001	0.001	0.997
0.001	0.119	0.169	0.711
0.042	0.844	0.054	0.060
>GCCCCCTRGTGG	1-GCCCCCTRGTGG	9.730519	-99.798071	0	T:59.0(13.05%),B:519.6(1.07%),P:1e-43	Tpos:105.3,Tstd:29.6,Bpos:95.0,Bstd:57.2,StrandBias:0.6,Multiplicity:1.02
0.099	0.055	0.694	0.152
0.107	0.891	0.001	0.001
0.053	0.945	0.001	0.001
0.399	0.559	0.001	0.041
0.001	0.736	0.001	0.262
0.001	0.890	0.001	0.108
0.361	0.053	0.001	0.585
0.371	0.144	0.437	0.048
0.162	0.136	0.701	0.001
0.064	0.132	0.001	0.803
0.085	0.001	0.913	0.001
0.001	0.144	0.854	0.001
>CTAGACCAAAGA	2-CTAGACCAAAGA	10.660528	-34.765657	0	T:15.0(3.32%),B:72.8(0.15%),P:1e-15	Tpos:96.4,Tstd:52.9,Bpos:93.6,Bstd:50.5,StrandBias:0.2,Multiplicity:1.00
0.132	0.866	0.001	0.001
0.139	0.108	0.001	0.752
0.778	0.001	0.220	0.001
0.001	0.001	0.997	0.001
0.866	0.001	0.132	0.001
0.226	0.672	0.101	0.001
0.001	0.866	0.001	0.132
0.860	0.001	0.138	0.001
0.886	0.112	0.001	0.001
0.846	0.001	0.152	0.001
0.001	0.001	0.997	0.001
0.602	0.265	0.001	0.132
>GCCCCGCCCCGG	3-GCCCCGCCCCGG	11.487581	-30.191659	0	T:44.0(9.73%),B:1240.6(2.55%),P:1e-13	Tpos:92.5,Tstd:53.9,Bpos:82.2,Bstd:58.0,StrandBias:-0.3,Multiplicity:1.05
0.001	0.001	0.997	0.001
0.001	0.885	0.001	0.113
0.001	0.997	0.001	0.001
0.001	0.997	0.001	0.001
0.001	0.997	0.001	0.001
0.086	0.001	0.912	0.001
0.001	0.997	0.001	0.001
0.190	0.802	0.007	0.001
0.166	0.832	0.001	0.001
0.001	0.997	0.001	0.001
0.191	0.034	0.654	0.121
0.288	0.016	0.610	0.086
>ACKCTGATTGGC	4-ACKCTGATTGGC	7.535279	-26.421914	0	T:44.0(9.73%),B:1390.7(2.86%),P:1e-11	Tpos:109.2,Tstd:48.3,Bpos:96.2,Bstd:59.7,StrandBias:0.3,Multiplicity:1.00
0.744	0.124	0.002	0.130
0.189	0.699	0.001	0.111
0.049	0.049	0.517	0.385
0.049	0.659	0.195	0.097
0.097	0.001	0.001	0.901
0.049	0.001	0.899	0.051
0.690	0.115	0.049	0.146
0.148	0.049	0.183	0.620
0.001	0.083	0.129	0.787
0.001	0.097	0.680	0.222
0.001	0.001	0.997	0.001
0.001	0.809	0.043	0.147
>CCCATTGGGTGT	5-CCCATTGGGTGT	10.199496	-26.406039	0	T:16.0(3.54%),B:155.3(0.32%),P:1e-11	Tpos:96.6,Tstd:40.9,Bpos:91.1,Bstd:58.7,StrandBias:0.3,Multiplicity:1.00
0.001	0.906	0.001	0.092
0.092	0.906	0.001	0.001
0.001	0.997	0.001	0.001
0.997	0.001	0.001	0.001
0.276	0.065	0.001	0.658
0.001	0.001	0.092	0.906
0.001	0.001	0.997	0.001
0.001	0.001	0.629	0.369
0.001	0.148	0.666	0.185
0.184	0.006	0.001	0.809
0.001	0.001	0.814	0.184
0.185	0.090	0.001	0.724
>TGAGTCACTCGG	6-TGAGTCACTCGG	10.411514	-25.665687	0	T:13.0(2.88%),B:91.2(0.19%),P:1e-11	Tpos:68.8,Tstd:52.7,Bpos:106.4,Bstd:60.7,StrandBias:0.2,Multiplicity:1.00
0.001	0.001	0.185	0.813
0.001	0.185	0.813	0.001
0.722	0.001	0.092	0.185
0.092	0.001	0.906	0.001
0.001	0.092	0.001	0.906
0.001	0.997	0.001	0.001
0.762	0.145	0.001	0.092
0.001	0.997	0.001	0.001
0.001	0.001	0.144	0.854
0.185	0.799	0.015	0.001
0.001	0.092	0.722	0.185
0.001	0.185	0.722	0.092
>GCCATTCTGGAG	7-GCCATTCTGGAG	13.859766	-25.282256	0	T:7.0(1.55%),B:10.9(0.02%),P:1e-10	Tpos:152.3,Tstd:29.4,Bpos:87.0,Bstd:43.2,StrandBias:1.3,Multiplicity:1.00
0.001	0.145	0.853	0.001
0.001	0.853	0.145	0.001
0.001	0.997	0.001	0.001
0.997	0.001	0.001	0.001
0.001	0.001	0.145	0.853
0.146	0.001	0.146	0.707
0.001	0.997	0.001	0.001
0.001	0.001	0.001	0.997
0.001	0.001	0.997	0.001
0.001	0.145	0.853	0.001
0.997	0.001	0.001	0.001
0.001	0.001	0.997	0.001
>ATGAAAAGCCTG	8-ATGAAAAGCCTG	12.727041	-25.282256	0	T:7.0(1.55%),B:10.9(0.02%),P:1e-10	Tpos:156.3,Tstd:43.9,Bpos:107.8,Bstd:55.9,StrandBias:1.3,Multiplicity:1.00
0.997	0.001	0.001	0.001
0.001	0.001	0.001	0.997
0.001	0.001	0.997	0.001
0.997	0.001	0.001	0.001
0.997	0.001	0.001	0.001
0.997	0.001	0.001	0.001
0.997	0.001	0.001	0.001
0.001	0.172	0.826	0.001
0.001	0.997	0.001	0.001
0.001	0.997	0.001	0.001
0.133	0.173	0.001	0.693
0.173	0.173	0.653	0.001
>CCCCCTGCTGGT	9-CCCCCTGCTGGT	13.372450	-24.081432	0	T:10.0(2.21%),B:46.5(0.10%),P:1e-10	Tpos:91.4,Tstd:44.3,Bpos:83.9,Bstd:58.3,StrandBias:-1.6,Multiplicity:1.00
0.175	0.690	0.134	0.001
0.001	0.865	0.001	0.133
0.001	0.883	0.001	0.115
0.001	0.997	0.001	0.001
0.001	0.997	0.001	0.001
0.001	0.001	0.001	0.997
0.001	0.001	0.997	0.001
0.001	0.997	0.001	0.001
0.001	0.001	0.001	0.997
0.001	0.001	0.997	0.001
0.001	0.090	0.908	0.001
0.001	0.174	0.001	0.824
>AGTGAATTDAAT	10-AGTGAATTDAAT	10.957556	-23.236723	0	T:11.0(2.43%),B:69.0(0.14%),P:1e-10	Tpos:104.4,Tstd:57.5,Bpos:95.2,Bstd:69.7,StrandBias:0.8,Multiplicity:1.00
0.997	0.001	0.001	0.001
0.310	0.001	0.688	0.001
0.012	0.311	0.001	0.676
0.001	0.001	0.997	0.001
0.997	0.001	0.001	0.001
0.997	0.001	0.001	0.001
0.001	0.001	0.001	0.997
0.313	0.001	0.052	0.634
0.364	0.001	0.311	0.324
0.997	0.001	0.001	0.001
0.674	0.324	0.001	0.001
0.311	0.001	0.001	0.687
>TTGAGAGCCCTG	11-TTGAGAGCCCTG	13.986521	-22.958934	0	T:7.0(1.55%),B:14.6(0.03%),P:1e-9	Tpos:56.9,Tstd:16.2,Bpos:107.7,Bstd:53.8,StrandBias:2.6,Multiplicity:1.00
0.001	0.130	0.157	0.712
0.001	0.001	0.157	0.841
0.001	0.001	0.997	0.001
0.814	0.184	0.001	0.001
0.001	0.001	0.997	0.001
0.997	0.001	0.001	0.001
0.001	0.001	0.997	0.001
0.001	0.997	0.001	0.001
0.001	0.814	0.184	0.001
0.001	0.997	0.001	0.001
0.001	0.001	0.001	0.997
0.001	0.001	0.997	0.001
>CACCCCATTCTG	12-CACCCCATTCTG	13.693990	-22.958934	0	T:7.0(1.55%),B:14.7(0.03%),P:1e-9	Tpos:83.9,Tstd:49.6,Bpos:116.2,Bstd:70.4,StrandBias:0.4,Multiplicity:1.00
0.001	0.997	0.001	0.001
0.997	0.001	0.001	0.001
0.001	0.997	0.001	0.001
0.001	0.997	0.001	0.001
0.001	0.636	0.362	0.001
0.001	0.997	0.001	0.001
0.661	0.169	0.001	0.169
0.001	0.001	0.001	0.997
0.001	0.001	0.001	0.997
0.001	0.997	0.001	0.001
0.001	0.001	0.001	0.997
0.001	0.129	0.869	0.001
>CTTCCTGGATRA	13-CTTCCTGGATRA	11.182371	-22.615941	0	T:13.0(2.88%),B:117.5(0.24%),P:1e-9	Tpos:76.4,Tstd:51.5,Bpos:94.8,Bstd:62.2,StrandBias:0.0,Multiplicity:1.08
0.001	0.997	0.001	0.001
0.204	0.001	0.001	0.794
0.001	0.001	0.001	0.997
0.001	0.786	0.001	0.212
0.001	0.786	0.001	0.212
0.163	0.001	0.001	0.835
0.001	0.001	0.997	0.001
0.216	0.001	0.570	0.213
0.635	0.001	0.363	0.001
0.150	0.001	0.001	0.848
0.430	0.001	0.532	0.037
0.639	0.359	0.001	0.001
>ACATAGTTCTCC	14-ACATAGTTCTCC	14.640156	-21.912151	0	T:4.0(0.88%),B:0.9(0.00%),P:1e-9	Tpos:89.8,Tstd:56.4,Bpos:135.0,Bstd:0.0,StrandBias:-1.6,Multiplicity:1.00
0.749	0.001	0.001	0.249
0.001	0.749	0.249	0.001
0.997	0.001	0.001	0.001
0.001	0.001	0.001	0.997
0.997	0.001	0.001	0.001
0.001	0.001	0.997	0.001
0.249	0.001	0.001	0.749
0.001	0.001	0.001	0.997
0.001	0.997	0.001	0.001
0.001	0.001	0.001	0.997
0.001	0.997	0.001	0.001
0.001	0.997	0.001	0.001
>TCGAGTCCCTTC	15-TCGAGTCCCTTC	11.242134	-20.716747	0	T:14.0(3.10%),B:166.4(0.34%),P:1e-8	Tpos:107.9,Tstd:70.4,Bpos:96.6,Bstd:57.1,StrandBias:1.3,Multiplicity:1.00
0.001	0.393	0.001	0.605
0.001	0.793	0.205	0.001
0.001	0.412	0.586	0.001
0.588	0.182	0.001	0.229
0.001	0.001	0.997	0.001
0.001	0.001	0.135	0.863
0.001	0.997	0.001	0.001
0.175	0.823	0.001	0.001
0.001	0.997	0.001	0.001
0.001	0.001	0.001	0.997
0.001	0.001	0.127	0.871
0.175	0.688	0.001	0.136
>GTAGGCGGGGCT	16-GTAGGCGGGGCT	10.382547	-20.489949	0	T:38.0(8.41%),B:1313.4(2.70%),P:1e-8	Tpos:91.2,Tstd:52.6,Bpos:90.4,Bstd:57.7,StrandBias:-0.5,Multiplicity:1.15
0.094	0.117	0.788	0.001
0.084	0.273	0.148	0.496
0.741	0.001	0.191	0.067
0.001	0.001	0.997	0.001
0.080	0.094	0.825	0.001
0.245	0.578	0.001	0.176
0.001	0.001	0.961	0.037
0.001	0.001	0.997	0.001
0.001	0.001	0.997	0.001
0.001	0.001	0.997	0.001
0.001	0.948	0.001	0.050
0.127	0.105	0.033	0.735
>CGCCTGGGAAAA	17-CGCCTGGGAAAA	8.668663	-20.461105	0	T:27.0(5.97%),B:708.2(1.46%),P:1e-8	Tpos:94.5,Tstd:59.3,Bpos:96.9,Bstd:60.9,StrandBias:1.1,Multiplicity:1.08
0.161	0.486	0.031	0.322
0.001	0.179	0.659	0.161
0.012	0.967	0.001	0.020
0.001	0.677	0.001	0.321
0.001	0.001	0.160	0.838
0.001	0.001	0.838	0.160
0.160	0.001	0.838	0.001
0.160	0.001	0.838	0.001
0.997	0.001	0.001	0.001
0.838	0.001	0.160	0.001
0.984	0.001	0.014	0.001
0.966	0.032	0.001	0.001
>TGGCMWCRAGKT	18-TGGCMWCRAGKT	10.097000	-20.176616	0	T:7.0(1.55%),B:21.3(0.04%),P:1e-8	Tpos:103.1,Tstd:45.5,Bpos:89.8,Bstd:46.9,StrandBias:-0.3,Multiplicity:1.29
0.001	0.001	0.001	0.997
0.001	0.001	0.997	0.001
0.001	0.001	0.997	0.001
0.001	0.997	0.001	0.001
0.500	0.476	0.001	0.024
0.451	0.001	0.001	0.547
0.001	0.997	0.001	0.001
0.547	0.001	0.451	0.001
0.997	0.001	0.001	0.001
0.001	0.023	0.975	0.001
0.001	0.001	0.451	0.547
0.001	0.001	0.001	0.997
>ATAGTTTCGCAT	19-ATAGTTTCGCAT	10.216369	-19.146928	0	T:4.0(0.88%),B:2.8(0.01%),P:1e-8	Tpos:70.2,Tstd:62.5,Bpos:137.0,Bstd:75.3,StrandBias:1.6,Multiplicity:1.00
0.997	0.001	0.001	0.001
0.058	0.001	0.001	0.940
0.997	0.001	0.001	0.001
0.001	0.001	0.997	0.001
0.001	0.001	0.001	0.997
0.001	0.001	0.001	0.997
0.175	0.001	0.001	0.823
0.058	0.940	0.001	0.001
0.001	0.001	0.997	0.001
0.001	0.997	0.001	0.001
0.823	0.175	0.001	0.001
0.001	0.001	0.001	0.997
>TCAGTGAAATGA	20-TCAGTGAAATGA	9.988822	-18.552182	0	T:6.0(1.33%),B:15.7(0.03%),P:1e-8	Tpos:98.5,Tstd:43.9,Bpos:116.7,Bstd:63.8,StrandBias:-2.3,Multiplicity:1.00
0.001	0.001	0.001	0.997
0.001	0.997	0.001	0.001
0.943	0.055	0.001	0.001
0.001	0.231	0.767	0.001
0.111	0.001	0.001	0.887
0.001	0.001	0.997	0.001
0.943	0.001	0.001	0.055
0.997	0.001	0.001	0.001
0.997	0.001	0.001	0.001
0.001	0.001	0.001	0.997
0.001	0.001	0.997	0.001
0.997	0.001	0.001	0.001
>TTTTTAAATACA	21-TTTTTAAATACA	10.229132	-18.209449	0	T:14.0(3.10%),B:203.6(0.42%),P:1e-7	Tpos:111.6,Tstd:55.9,Bpos:103.3,Bstd:51.9,StrandBias:0.8,Multiplicity:1.00
0.001	0.001	0.095	0.903
0.095	0.001	0.001	0.903
0.001	0.001	0.001	0.997
0.001	0.169	0.191	0.639
0.169	0.096	0.096	0.639
0.831	0.001	0.095	0.073
0.809	0.001	0.095	0.095
0.823	0.081	0.095	0.001
0.095	0.001	0.001	0.903
0.749	0.073	0.177	0.001
0.001	0.917	0.001	0.081
0.917	0.081	0.001	0.001
>AACACAGGATGT	22-AACACAGGATGT	10.974945	-16.765056	0	T:5.0(1.11%),B:10.0(0.02%),P:1e-7	Tpos:110.5,Tstd:44.8,Bpos:84.8,Bstd:55.2,StrandBias:2.8,Multiplicity:1.60
0.997	0.001	0.001	0.001
0.997	0.001	0.001	0.001
0.001	0.969	0.029	0.001
0.997	0.001	0.001	0.001
0.001	0.997	0.001	0.001
0.828	0.001	0.025	0.146
0.001	0.001	0.997	0.001
0.001	0.001	0.997	0.001
0.854	0.144	0.001	0.001
0.175	0.001	0.001	0.823
0.001	0.001	0.997	0.001
0.001	0.001	0.001	0.997
>GAGGGGCGGGGA	23-GAGGGGCGGGGA	9.190874	-16.179317	0	T:90.0(19.91%),B:5520.6(11.35%),P:1e-7	Tpos:88.4,Tstd:51.9,Bpos:91.0,Bstd:60.3,StrandBias:0.8,Multiplicity:1.31
0.074	0.023	0.827	0.076
0.782	0.102	0.049	0.067
0.079	0.041	0.879	0.001
0.066	0.096	0.792	0.046
0.019	0.053	0.878	0.050
0.074	0.023	0.902	0.001
0.100	0.723	0.081	0.096
0.001	0.061	0.841	0.097
0.082	0.004	0.859	0.055
0.066	0.001	0.932	0.001
0.070	0.079	0.850	0.001
0.734	0.084	0.090	0.092
>GGCTGGAGGTGT	24-GGCTGGAGGTGT	12.355432	-7.873332	0	T:2.0(0.44%),B:4.0(0.01%),P:1e-3	Tpos:84.5,Tstd:58.6,Bpos:106.8,Bstd:41.7,StrandBias:-1.6,Multiplicity:2.00
0.100	0.100	0.700	0.100
0.100	0.100	0.700	0.100
0.100	0.700	0.100	0.100
0.100	0.100	0.100	0.700
0.100	0.100	0.700	0.100
0.100	0.100	0.700	0.100
0.700	0.100	0.100	0.100
0.100	0.100	0.700	0.100
0.100	0.100	0.700	0.100
0.100	0.100	0.100	0.700
0.100	0.100	0.700	0.100
0.100	0.100	0.100	0.700
>CCCCCCGCCGCG	25-CCCCCCGCCGCG	12.355432	-3.842658	0	T:2.0(0.44%),B:24.1(0.05%),P:1e-1	Tpos:85.6,Tstd:49.8,Bpos:72.2,Bstd:58.5,StrandBias:10.0,Multiplicity:5.50
0.100	0.700	0.100	0.100
0.100	0.700	0.100	0.100
0.100	0.700	0.100	0.100
0.100	0.700	0.100	0.100
0.100	0.700	0.100	0.100
0.100	0.700	0.100	0.100
0.100	0.100	0.700	0.100
0.100	0.700	0.100	0.100
0.100	0.700	0.100	0.100
0.100	0.100	0.700	0.100
0.100	0.700	0.100	0.100
0.100	0.100	0.700	0.100
>TCTAGTGG	1-TCTAGTGG	9.382367	-39.026976	0	T:28.0(6.19%),B:345.0(0.71%),P:1e-16	Tpos:110.5,Tstd:36.0,Bpos:97.2,Bstd:56.3,StrandBias:1.5,Multiplicity:1.11
0.001	0.203	0.001	0.795
0.001	0.997	0.001	0.001
0.001	0.001	0.001	0.997
0.997	0.001	0.001	0.001
0.001	0.001	0.997	0.001
0.001	0.089	0.001	0.909
0.001	0.001	0.997	0.001
0.001	0.001	0.997	0.001
>TGATTGGC	2-TGATTGGC	7.046692	-25.838775	0	T:52.0(11.50%),B:1892.9(3.89%),P:1e-11	Tpos:106.6,Tstd:32.6,Bpos:87.1,Bstd:60.4,StrandBias:0.2,Multiplicity:1.06
0.001	0.208	0.124	0.667
0.071	0.001	0.877	0.051
0.859	0.030	0.110	0.001
0.001	0.001	0.001	0.997
0.001	0.001	0.054	0.944
0.001	0.001	0.997	0.001
0.001	0.001	0.997	0.001
0.001	0.934	0.001	0.064
>GAAAMGCV	3-GAAAMGCV	6.401031	-25.175453	0	T:92.0(20.35%),B:4748.0(9.76%),P:1e-10	Tpos:113.3,Tstd:51.1,Bpos:98.7,Bstd:62.3,StrandBias:0.4,Multiplicity:1.10
0.262	0.084	0.518	0.136
0.722	0.276	0.001	0.001
0.822	0.001	0.071	0.106
0.818	0.086	0.001	0.095
0.482	0.388	0.129	0.001
0.001	0.001	0.997	0.001
0.001	0.851	0.001	0.147
0.334	0.262	0.403	0.001
>CTATAGCG	4-CTATAGCG	5.559986	-22.645132	0	T:58.0(12.83%),B:2469.2(5.08%),P:1e-9	Tpos:94.2,Tstd:53.9,Bpos:100.9,Bstd:64.0,StrandBias:-0.1,Multiplicity:1.07
0.100	0.650	0.178	0.072
0.124	0.140	0.108	0.628
0.679	0.144	0.074	0.103
0.067	0.057	0.138	0.738
0.727	0.115	0.078	0.080
0.054	0.033	0.829	0.084
0.036	0.914	0.046	0.004
0.059	0.037	0.847	0.057
>ACCACCAG	5-ACCACCAG	7.552276	-21.398541	0	T:65.0(14.38%),B:3047.1(6.27%),P:1e-9	Tpos:93.9,Tstd:47.8,Bpos:101.7,Bstd:56.1,StrandBias:-0.0,Multiplicity:1.17
0.917	0.001	0.081	0.001
0.029	0.944	0.026	0.001
0.021	0.935	0.014	0.030
0.755	0.001	0.134	0.110
0.015	0.765	0.210	0.010
0.001	0.997	0.001	0.001
0.814	0.066	0.001	0.119
0.001	0.053	0.945	0.001
>CATTMWSD	6-CATTMWSD	4.316766	-21.048303	0	T:105.0(23.23%),B:6202.4(12.75%),P:1e-9	Tpos:99.0,Tstd:57.5,Bpos:99.7,Bstd:61.5,StrandBias:0.3,Multiplicity:1.27
0.167	0.432	0.173	0.228
0.523	0.057	0.273	0.147
0.114	0.142	0.192	0.552
0.224	0.061	0.099	0.616
0.397	0.534	0.012	0.057
0.423	0.170	0.109	0.298
0.080	0.419	0.477	0.024
0.378	0.006	0.318	0.298
>GAGTCCGC	7-GAGTCCGC	6.330500	-18.577739	0	T:107.0(23.67%),B:6663.8(13.70%),P:1e-8	Tpos:94.1,Tstd:49.6,Bpos:101.2,Bstd:64.5,StrandBias:-0.3,Multiplicity:1.23
0.029	0.051	0.919	0.001
0.884	0.085	0.030	0.001
0.055	0.069	0.844	0.032
0.001	0.033	0.052	0.914
0.001	0.958	0.015	0.026
0.026	0.940	0.033	0.001
0.001	0.001	0.978	0.020
0.086	0.759	0.154	0.001
>TCGCATTG	8-TCGCATTG	6.756027	-18.008676	0	T:37.0(8.19%),B:1380.2(2.84%),P:1e-7	Tpos:84.5,Tstd:55.8,Bpos:94.9,Bstd:65.0,StrandBias:0.7,Multiplicity:1.03
0.001	0.001	0.013	0.985
0.001	0.997	0.001	0.001
0.221	0.048	0.730	0.001
0.082	0.777	0.140	0.001
0.667	0.126	0.159	0.048
0.001	0.001	0.001	0.997
0.121	0.051	0.001	0.827
0.183	0.068	0.694	0.055
>GGCGGGGC	9-GGCGGGGC	10.743286	-16.096356	0	T:87.0(19.25%),B:5279.8(10.86%),P:1e-6	Tpos:93.5,Tstd:51.2,Bpos:87.6,Bstd:61.7,StrandBias:0.0,Multiplicity:1.70
0.001	0.001	0.997	0.001
0.001	0.001	0.997	0.001
0.001	0.862	0.001	0.136
0.001	0.001	0.997	0.001
0.001	0.001	0.931	0.067
0.001	0.001	0.997	0.001
0.001	0.104	0.894	0.001
0.001	0.997	0.001	0.001
>GGGGCGTA	10-GGGGCGTA	7.924638	-14.770348	0	T:54.0(11.95%),B:2790.9(5.74%),P:1e-6	Tpos:104.2,Tstd:54.9,Bpos:94.6,Bstd:63.5,StrandBias:0.2,Multiplicity:1.10
0.001	0.001	0.997	0.001
0.136	0.022	0.841	0.001
0.028	0.001	0.970	0.001
0.030	0.017	0.916	0.037
0.033	0.965	0.001	0.001
0.022	0.001	0.976	0.001
0.079	0.001	0.295	0.625
0.761	0.148	0.090	0.001
>WKTYTCCG	11-WKTYTCCG	5.459760	-13.982868	0	T:143.0(31.64%),B:10612.0(21.82%),P:1e-6	Tpos:101.7,Tstd:58.8,Bpos:99.0,Bstd:64.0,StrandBias:-0.1,Multiplicity:1.27
0.519	0.069	0.001	0.411
0.036	0.100	0.444	0.420
0.114	0.080	0.158	0.648
0.001	0.398	0.091	0.510
0.001	0.396	0.001	0.602
0.036	0.962	0.001	0.001
0.005	0.586	0.408	0.001
0.001	0.001	0.997	0.001
>ACCGCTCA	12-ACCGCTCA	9.408591	-8.260851	0	T:12.0(2.65%),B:375.9(0.77%),P:1e-3	Tpos:92.6,Tstd:39.7,Bpos:96.7,Bstd:54.7,StrandBias:1.9,Multiplicity:1.17
0.997	0.001	0.001	0.001
0.001	0.997	0.001	0.001
0.001	0.808	0.001	0.190
0.001	0.001	0.997	0.001
0.001	0.997	0.001	0.001
0.001	0.001	0.001	0.997
0.001	0.997	0.001	0.001
0.997	0.001	0.001	0.001
