>VCAKCTGGNNNCCAGMTGBN	Twist(bHLH)/HMLE-TWIST1-ChIP-Seq(Chang_et_al)/Homer	9.100173	-170.358003	0	T:774.0(3.13%),B:363.7(1.51%),P:1e-73
0.306	0.329	0.247	0.118
0.090	0.908	0.001	0.001
0.874	0.001	0.018	0.107
0.032	0.222	0.404	0.342
0.243	0.491	0.239	0.027
0.098	0.001	0.001	0.900
0.001	0.001	0.905	0.093
0.067	0.259	0.423	0.251
0.215	0.276	0.221	0.289
0.245	0.252	0.259	0.244
0.287	0.225	0.278	0.210
0.249	0.418	0.256	0.076
0.096	0.902	0.001	0.001
0.905	0.001	0.001	0.093
0.027	0.244	0.489	0.241
0.340	0.405	0.224	0.032
0.127	0.013	0.001	0.859
0.001	0.068	0.836	0.095
0.129	0.267	0.304	0.300
0.187	0.291	0.264	0.258
