>AWWWTGCTGAGTCAT	NFE2L2(bZIP)/HepG2-NFE2L2-ChIP-Seq(Encode)/Homer	9.886531	-10.393503	0	T:134.0(0.54%),B:90.7(0.38%),P:1e-4
0.466	0.091	0.178	0.265
0.474	0.086	0.095	0.345
0.431	0.080	0.083	0.406
0.252	0.209	0.149	0.390
0.090	0.062	0.054	0.794
0.033	0.046	0.873	0.048
0.112	0.803	0.037	0.048
0.084	0.116	0.011	0.789
0.115	0.064	0.719	0.102
0.886	0.016	0.013	0.085
0.039	0.153	0.783	0.025
0.013	0.016	0.009	0.962
0.016	0.955	0.015	0.014
0.969	0.010	0.010	0.011
0.020	0.224	0.048	0.708
