>GGYAGCAYDTGCTDCCCNNN	EBNA1(EBV-virus)/Raji-EBNA1-ChIP-Seq(GSE30709)/Homer	11.187041	-21.422091	0	T:56.0(0.23%),B:21.5(0.09%),P:1e-9
0.001	0.001	0.997	0.001
0.235	0.001	0.763	0.001
0.218	0.390	0.003	0.389
0.997	0.001	0.001	0.001
0.011	0.001	0.987	0.001
0.007	0.623	0.144	0.226
0.691	0.174	0.110	0.025
0.181	0.282	0.107	0.430
0.377	0.122	0.238	0.263
0.037	0.124	0.130	0.709
0.246	0.196	0.550	0.008
0.001	0.976	0.001	0.022
0.001	0.001	0.001	0.997
0.383	0.001	0.363	0.253
0.001	0.760	0.001	0.238
0.001	0.997	0.001	0.001
0.181	0.555	0.033	0.231
0.286	0.198	0.231	0.285
0.245	0.224	0.337	0.194
0.248	0.261	0.268	0.223
