>TGWAAYCTGABACCB	Six4(Homeobox)/MCF7-SIX4-ChIP-Seq(Encode)/Homer	9.913652	-9.314417	0	T:125.0(0.50%),B:86.0(0.36%),P:1e-4
0.181	0.001	0.316	0.502
0.001	0.001	0.954	0.044
0.544	0.001	0.001	0.454
0.909	0.089	0.001	0.001
0.997	0.001	0.001	0.001
0.001	0.499	0.001	0.499
0.137	0.543	0.003	0.317
0.001	0.181	0.090	0.728
0.001	0.001	0.997	0.001
0.997	0.001	0.001	0.001
0.091	0.320	0.272	0.317
0.547	0.316	0.045	0.092
0.001	0.818	0.045	0.136
0.090	0.502	0.091	0.317
0.137	0.274	0.315	0.273
