>CAGATCCA	1-CAGATCCA	6.716867	-15.987808	0	T:35.0(27.78%),B:5233.7(10.82%),P:1e-6	Tpos:102.8,Tstd:52.2,Bpos:98.6,Bstd:65.4,StrandBias:-0.4,Multiplicity:1.17
0.089	0.909	0.001	0.001
0.970	0.001	0.001	0.028
0.017	0.013	0.934	0.036
0.908	0.027	0.020	0.045
0.091	0.035	0.055	0.819
0.001	0.828	0.170	0.001
0.031	0.844	0.001	0.124
0.802	0.179	0.001	0.018
>AAGGGAGC	2-AAGGGAGC	6.714816	-15.342349	0	T:41.0(32.54%),B:6969.4(14.41%),P:1e-6	Tpos:98.6,Tstd:48.6,Bpos:100.4,Bstd:65.2,StrandBias:-0.2,Multiplicity:1.15
0.756	0.213	0.030	0.001
0.772	0.001	0.037	0.190
0.054	0.001	0.867	0.078
0.113	0.001	0.885	0.001
0.001	0.099	0.843	0.057
0.997	0.001	0.001	0.001
0.066	0.001	0.932	0.001
0.001	0.997	0.001	0.001
>CAAAGTAT	3-CAAAGTAT	5.621794	-14.627149	0	T:42.0(33.33%),B:7436.6(15.37%),P:1e-6	Tpos:94.1,Tstd:59.6,Bpos:99.4,Bstd:63.4,StrandBias:0.1,Multiplicity:1.21
0.070	0.815	0.086	0.029
0.912	0.036	0.001	0.051
0.772	0.134	0.093	0.001
0.899	0.099	0.001	0.001
0.001	0.032	0.949	0.018
0.097	0.055	0.065	0.783
0.961	0.001	0.037	0.001
0.001	0.029	0.031	0.939
>AGTCACAT	4-AGTCACAT	6.731905	-14.190126	0	T:34.0(26.98%),B:5380.0(11.12%),P:1e-6	Tpos:102.5,Tstd:53.5,Bpos:99.2,Bstd:66.1,StrandBias:-0.2,Multiplicity:1.21
0.843	0.001	0.031	0.125
0.070	0.029	0.608	0.293
0.001	0.096	0.001	0.902
0.001	0.926	0.072	0.001
0.890	0.031	0.001	0.078
0.001	0.997	0.001	0.001
0.971	0.027	0.001	0.001
0.030	0.072	0.042	0.856
>TGCGTCGA	5-TGCGTCGA	8.236954	-7.494194	0	T:2.0(1.59%),B:13.9(0.03%),P:1e-3	Tpos:132.7,Tstd:1.7,Bpos:122.6,Bstd:41.1,StrandBias:1.0,Multiplicity:1.00
0.100	0.100	0.100	0.700
0.100	0.100	0.700	0.100
0.100	0.700	0.100	0.100
0.100	0.100	0.700	0.100
0.100	0.100	0.100	0.700
0.100	0.700	0.100	0.100
0.100	0.100	0.700	0.100
0.700	0.100	0.100	0.100
