>CCCAAGGGAG	1-CCCAAGGGAG	10.197475	-23.111112	0	T:13.0(10.32%),B:414.3(0.86%),P:1e-10	Tpos:131.9,Tstd:41.6,Bpos:93.7,Bstd:62.7,StrandBias:0.0,Multiplicity:1.08
0.001	0.918	0.001	0.080
0.001	0.903	0.001	0.095
0.001	0.997	0.001	0.001
0.997	0.001	0.001	0.001
0.709	0.001	0.205	0.085
0.001	0.001	0.997	0.001
0.070	0.001	0.928	0.001
0.067	0.001	0.931	0.001
0.780	0.125	0.094	0.001
0.001	0.092	0.906	0.001
>TGGCCAGAAA	2-TGGCCAGAAA	10.516460	-19.975787	0	T:12.0(9.52%),B:435.6(0.90%),P:1e-8	Tpos:113.4,Tstd:55.1,Bpos:103.8,Bstd:64.7,StrandBias:0.8,Multiplicity:1.17
0.094	0.001	0.001	0.904
0.001	0.001	0.997	0.001
0.113	0.093	0.793	0.001
0.084	0.831	0.084	0.001
0.001	0.867	0.001	0.131
0.896	0.001	0.001	0.102
0.001	0.001	0.997	0.001
0.793	0.001	0.077	0.129
0.997	0.001	0.001	0.001
0.997	0.001	0.001	0.001
>GGGCTTGGAA	3-GGGCTTGGAA	10.562255	-19.879096	0	T:11.0(8.73%),B:345.2(0.71%),P:1e-8	Tpos:85.3,Tstd:71.0,Bpos:99.5,Bstd:62.1,StrandBias:0.3,Multiplicity:1.00
0.001	0.001	0.997	0.001
0.001	0.001	0.997	0.001
0.001	0.100	0.898	0.001
0.001	0.880	0.001	0.118
0.119	0.080	0.001	0.800
0.001	0.001	0.001	0.997
0.001	0.001	0.888	0.110
0.159	0.001	0.839	0.001
0.792	0.001	0.206	0.001
0.997	0.001	0.001	0.001
>GCTCCTCSTC	4-GCTCCTCSTC	6.692847	-19.162740	0	T:44.0(34.92%),B:6871.8(14.21%),P:1e-8	Tpos:103.3,Tstd:53.5,Bpos:100.5,Bstd:63.1,StrandBias:0.8,Multiplicity:1.32
0.153	0.001	0.845	0.001
0.001	0.960	0.001	0.038
0.212	0.001	0.001	0.786
0.001	0.544	0.194	0.261
0.042	0.954	0.001	0.003
0.035	0.125	0.060	0.780
0.055	0.637	0.056	0.252
0.201	0.311	0.460	0.029
0.001	0.225	0.278	0.496
0.002	0.791	0.041	0.166
>TTGTTCCTGA	5-TTGTTCCTGA	8.561020	-18.786096	0	T:11.0(8.73%),B:384.0(0.79%),P:1e-8	Tpos:112.6,Tstd:48.7,Bpos:101.1,Bstd:65.4,StrandBias:0.3,Multiplicity:1.00
0.085	0.076	0.244	0.595
0.044	0.032	0.024	0.900
0.058	0.064	0.582	0.296
0.028	0.067	0.024	0.881
0.024	0.179	0.040	0.757
0.001	0.594	0.213	0.192
0.293	0.528	0.019	0.160
0.001	0.081	0.048	0.870
0.070	0.284	0.588	0.058
0.493	0.047	0.278	0.181
>GCTTGGCTGT	6-GCTTGGCTGT	10.327985	-18.448227	0	T:11.0(8.73%),B:397.5(0.82%),P:1e-8	Tpos:94.8,Tstd:42.8,Bpos:97.6,Bstd:69.1,StrandBias:0.3,Multiplicity:1.10
0.001	0.001	0.895	0.103
0.001	0.882	0.001	0.116
0.001	0.075	0.001	0.923
0.001	0.001	0.001	0.997
0.001	0.001	0.997	0.001
0.001	0.118	0.759	0.122
0.001	0.733	0.127	0.139
0.001	0.001	0.001	0.997
0.001	0.001	0.997	0.001
0.001	0.102	0.001	0.896
>AATCRATTCA	7-AATCRATTCA	6.991700	-14.380401	0	T:24.0(19.05%),B:2937.8(6.07%),P:1e-6	Tpos:85.6,Tstd:62.4,Bpos:101.5,Bstd:62.1,StrandBias:0.6,Multiplicity:1.04
0.624	0.066	0.244	0.066
0.738	0.001	0.066	0.195
0.134	0.001	0.001	0.864
0.109	0.462	0.187	0.242
0.447	0.069	0.334	0.149
0.933	0.001	0.001	0.065
0.066	0.051	0.001	0.882
0.098	0.001	0.001	0.900
0.231	0.536	0.001	0.232
0.869	0.001	0.072	0.058
>TAGCAGAATG	8-TAGCAGAATG	10.552164	-14.202652	0	T:7.0(5.56%),B:186.0(0.38%),P:1e-6	Tpos:117.2,Tstd:59.4,Bpos:89.5,Bstd:64.3,StrandBias:-0.3,Multiplicity:1.29
0.090	0.001	0.001	0.908
0.997	0.001	0.001	0.001
0.122	0.001	0.876	0.001
0.106	0.892	0.001	0.001
0.997	0.001	0.001	0.001
0.001	0.001	0.757	0.241
0.920	0.078	0.001	0.001
0.997	0.001	0.001	0.001
0.001	0.001	0.001	0.997
0.130	0.001	0.754	0.115
>TTTGTCTGTT	9-TTTGTCTGTT	10.249969	-13.469998	0	T:13.0(10.32%),B:951.6(1.97%),P:1e-5	Tpos:93.1,Tstd:49.8,Bpos:98.8,Bstd:57.9,StrandBias:1.8,Multiplicity:1.15
0.001	0.001	0.001	0.997
0.001	0.090	0.066	0.843
0.001	0.001	0.001	0.997
0.001	0.087	0.849	0.063
0.001	0.001	0.103	0.895
0.001	0.785	0.001	0.213
0.001	0.001	0.001	0.997
0.001	0.081	0.917	0.001
0.122	0.001	0.001	0.876
0.001	0.001	0.090	0.908
>ACCTCATAGC	10-ACCTCATAGC	6.501708	-9.681381	0	T:23.0(18.25%),B:3633.8(7.51%),P:1e-4	Tpos:106.1,Tstd:53.9,Bpos:99.1,Bstd:62.2,StrandBias:-0.2,Multiplicity:1.13
0.792	0.037	0.098	0.073
0.096	0.608	0.054	0.242
0.061	0.710	0.182	0.047
0.163	0.139	0.001	0.697
0.050	0.918	0.031	0.001
0.844	0.079	0.001	0.076
0.389	0.009	0.001	0.601
0.661	0.056	0.059	0.224
0.023	0.028	0.859	0.090
0.051	0.913	0.001	0.035
>GCGCGCGCGC	11-GCGCGCGCGC	10.163099	-4.628379	0	T:3.0(2.38%),B:167.8(0.35%),P:1e-2	Tpos:84.2,Tstd:39.3,Bpos:93.7,Bstd:54.6,StrandBias:-1.0,Multiplicity:1.00
0.100	0.099	0.797	0.004
0.065	0.740	0.194	0.001
0.001	0.052	0.788	0.159
0.003	0.915	0.081	0.001
0.001	0.079	0.832	0.088
0.001	0.772	0.189	0.038
0.001	0.175	0.502	0.322
0.001	0.997	0.001	0.001
0.160	0.113	0.724	0.003
0.001	0.953	0.045	0.001
>CTTCCTGCTGCT	1-CTTCCTGCTGCT	9.194704	-21.190075	0	T:21.0(16.67%),B:1541.9(3.19%),P:1e-9	Tpos:118.4,Tstd:46.8,Bpos:100.5,Bstd:66.9,StrandBias:0.4,Multiplicity:1.14
0.067	0.865	0.067	0.001
0.036	0.144	0.001	0.819
0.067	0.032	0.086	0.815
0.001	0.857	0.026	0.116
0.051	0.881	0.067	0.001
0.049	0.067	0.001	0.883
0.001	0.130	0.868	0.001
0.067	0.849	0.044	0.040
0.067	0.207	0.001	0.725
0.114	0.055	0.677	0.154
0.001	0.997	0.001	0.001
0.101	0.059	0.067	0.773
>TTAATTCAVATT	2-TTAATTCAVATT	12.564641	-20.354170	0	T:6.0(4.76%),B:40.3(0.08%),P:1e-8	Tpos:98.9,Tstd:60.0,Bpos:107.6,Bstd:70.4,StrandBias:0.4,Multiplicity:1.17
0.001	0.001	0.340	0.658
0.001	0.001	0.031	0.967
0.997	0.001	0.001	0.001
0.714	0.001	0.001	0.284
0.028	0.001	0.001	0.970
0.001	0.001	0.001	0.997
0.001	0.997	0.001	0.001
0.997	0.001	0.001	0.001
0.261	0.397	0.340	0.001
0.658	0.001	0.001	0.340
0.001	0.001	0.340	0.658
0.001	0.001	0.001	0.997
>GCATAATGTGTT	3-GCATAATGTGTT	12.086619	-15.262726	0	T:5.0(3.97%),B:49.7(0.10%),P:1e-6	Tpos:122.7,Tstd:44.1,Bpos:99.7,Bstd:50.7,StrandBias:0.0,Multiplicity:1.20
0.001	0.246	0.752	0.001
0.217	0.781	0.001	0.001
0.997	0.001	0.001	0.001
0.233	0.001	0.247	0.519
0.997	0.001	0.001	0.001
0.752	0.001	0.001	0.246
0.001	0.001	0.001	0.997
0.001	0.001	0.752	0.246
0.001	0.001	0.001	0.997
0.001	0.001	0.989	0.009
0.001	0.001	0.001	0.997
0.001	0.247	0.247	0.505
>CATTTCACAAGC	4-CATTTCACAAGC	14.350674	-11.199662	0	T:3.0(2.38%),B:17.0(0.04%),P:1e-4	Tpos:107.0,Tstd:48.3,Bpos:109.6,Bstd:67.4,StrandBias:2.0,Multiplicity:1.67
0.001	0.997	0.001	0.001
0.997	0.001	0.001	0.001
0.001	0.001	0.001	0.997
0.001	0.001	0.001	0.997
0.001	0.001	0.001	0.997
0.001	0.997	0.001	0.001
0.997	0.001	0.001	0.001
0.001	0.806	0.192	0.001
0.997	0.001	0.001	0.001
0.765	0.001	0.233	0.001
0.001	0.286	0.712	0.001
0.001	0.997	0.001	0.001
>GSGCKCGCGCGC	5-GSGCKCGCGCGC	10.820574	-9.212599	0	T:5.0(3.97%),B:173.9(0.36%),P:1e-4	Tpos:84.0,Tstd:37.7,Bpos:92.4,Bstd:56.8,StrandBias:1.4,Multiplicity:1.40
0.265	0.081	0.653	0.001
0.001	0.539	0.459	0.001
0.132	0.005	0.856	0.007
0.001	0.997	0.001	0.001
0.001	0.001	0.500	0.498
0.001	0.882	0.116	0.001
0.132	0.001	0.734	0.133
0.001	0.997	0.001	0.001
0.001	0.132	0.745	0.122
0.001	0.867	0.131	0.001
0.265	0.001	0.602	0.132
0.001	0.996	0.002	0.001
>TTTTTTTTTTCC	6-TTTTTTTTTTCC	14.461088	-8.163773	0	T:6.0(4.76%),B:339.2(0.70%),P:1e-3	Tpos:149.4,Tstd:32.6,Bpos:97.2,Bstd:46.8,StrandBias:0.7,Multiplicity:1.00
0.001	0.240	0.001	0.758
0.001	0.001	0.001	0.997
0.001	0.001	0.001	0.997
0.001	0.001	0.001	0.997
0.001	0.001	0.001	0.997
0.001	0.001	0.001	0.997
0.001	0.001	0.001	0.997
0.001	0.001	0.001	0.997
0.001	0.001	0.001	0.997
0.001	0.199	0.001	0.799
0.001	0.736	0.001	0.262
0.001	0.825	0.001	0.173
>CAGATCCA	1-CAGATCCA	6.716867	-15.987808	0	T:35.0(27.78%),B:5233.7(10.82%),P:1e-6	Tpos:102.8,Tstd:52.2,Bpos:98.6,Bstd:65.4,StrandBias:-0.4,Multiplicity:1.17
0.089	0.909	0.001	0.001
0.970	0.001	0.001	0.028
0.017	0.013	0.934	0.036
0.908	0.027	0.020	0.045
0.091	0.035	0.055	0.819
0.001	0.828	0.170	0.001
0.031	0.844	0.001	0.124
0.802	0.179	0.001	0.018
>AAGGGAGC	2-AAGGGAGC	6.714816	-15.342349	0	T:41.0(32.54%),B:6969.4(14.41%),P:1e-6	Tpos:98.6,Tstd:48.6,Bpos:100.4,Bstd:65.2,StrandBias:-0.2,Multiplicity:1.15
0.756	0.213	0.030	0.001
0.772	0.001	0.037	0.190
0.054	0.001	0.867	0.078
0.113	0.001	0.885	0.001
0.001	0.099	0.843	0.057
0.997	0.001	0.001	0.001
0.066	0.001	0.932	0.001
0.001	0.997	0.001	0.001
>CAAAGTAT	3-CAAAGTAT	5.621794	-14.627149	0	T:42.0(33.33%),B:7436.6(15.37%),P:1e-6	Tpos:94.1,Tstd:59.6,Bpos:99.4,Bstd:63.4,StrandBias:0.1,Multiplicity:1.21
0.070	0.815	0.086	0.029
0.912	0.036	0.001	0.051
0.772	0.134	0.093	0.001
0.899	0.099	0.001	0.001
0.001	0.032	0.949	0.018
0.097	0.055	0.065	0.783
0.961	0.001	0.037	0.001
0.001	0.029	0.031	0.939
>AGTCACAT	4-AGTCACAT	6.731905	-14.190126	0	T:34.0(26.98%),B:5380.0(11.12%),P:1e-6	Tpos:102.5,Tstd:53.5,Bpos:99.2,Bstd:66.1,StrandBias:-0.2,Multiplicity:1.21
0.843	0.001	0.031	0.125
0.070	0.029	0.608	0.293
0.001	0.096	0.001	0.902
0.001	0.926	0.072	0.001
0.890	0.031	0.001	0.078
0.001	0.997	0.001	0.001
0.971	0.027	0.001	0.001
0.030	0.072	0.042	0.856
>TGCGTCGA	5-TGCGTCGA	8.236954	-7.494194	0	T:2.0(1.59%),B:13.9(0.03%),P:1e-3	Tpos:132.7,Tstd:1.7,Bpos:122.6,Bstd:41.1,StrandBias:1.0,Multiplicity:1.00
0.100	0.100	0.100	0.700
0.100	0.100	0.700	0.100
0.100	0.700	0.100	0.100
0.100	0.100	0.700	0.100
0.100	0.100	0.100	0.700
0.100	0.700	0.100	0.100
0.100	0.100	0.700	0.100
0.700	0.100	0.100	0.100
