>CTTCCTGCTGCT	1-CTTCCTGCTGCT	9.194704	-21.190075	0	T:21.0(16.67%),B:1541.9(3.19%),P:1e-9	Tpos:118.4,Tstd:46.8,Bpos:100.5,Bstd:66.9,StrandBias:0.4,Multiplicity:1.14
0.067	0.865	0.067	0.001
0.036	0.144	0.001	0.819
0.067	0.032	0.086	0.815
0.001	0.857	0.026	0.116
0.051	0.881	0.067	0.001
0.049	0.067	0.001	0.883
0.001	0.130	0.868	0.001
0.067	0.849	0.044	0.040
0.067	0.207	0.001	0.725
0.114	0.055	0.677	0.154
0.001	0.997	0.001	0.001
0.101	0.059	0.067	0.773
>TTAATTCAVATT	2-TTAATTCAVATT	12.564641	-20.354170	0	T:6.0(4.76%),B:40.3(0.08%),P:1e-8	Tpos:98.9,Tstd:60.0,Bpos:107.6,Bstd:70.4,StrandBias:0.4,Multiplicity:1.17
0.001	0.001	0.340	0.658
0.001	0.001	0.031	0.967
0.997	0.001	0.001	0.001
0.714	0.001	0.001	0.284
0.028	0.001	0.001	0.970
0.001	0.001	0.001	0.997
0.001	0.997	0.001	0.001
0.997	0.001	0.001	0.001
0.261	0.397	0.340	0.001
0.658	0.001	0.001	0.340
0.001	0.001	0.340	0.658
0.001	0.001	0.001	0.997
>GCATAATGTGTT	3-GCATAATGTGTT	12.086619	-15.262726	0	T:5.0(3.97%),B:49.7(0.10%),P:1e-6	Tpos:122.7,Tstd:44.1,Bpos:99.7,Bstd:50.7,StrandBias:0.0,Multiplicity:1.20
0.001	0.246	0.752	0.001
0.217	0.781	0.001	0.001
0.997	0.001	0.001	0.001
0.233	0.001	0.247	0.519
0.997	0.001	0.001	0.001
0.752	0.001	0.001	0.246
0.001	0.001	0.001	0.997
0.001	0.001	0.752	0.246
0.001	0.001	0.001	0.997
0.001	0.001	0.989	0.009
0.001	0.001	0.001	0.997
0.001	0.247	0.247	0.505
>CATTTCACAAGC	4-CATTTCACAAGC	14.350674	-11.199662	0	T:3.0(2.38%),B:17.0(0.04%),P:1e-4	Tpos:107.0,Tstd:48.3,Bpos:109.6,Bstd:67.4,StrandBias:2.0,Multiplicity:1.67
0.001	0.997	0.001	0.001
0.997	0.001	0.001	0.001
0.001	0.001	0.001	0.997
0.001	0.001	0.001	0.997
0.001	0.001	0.001	0.997
0.001	0.997	0.001	0.001
0.997	0.001	0.001	0.001
0.001	0.806	0.192	0.001
0.997	0.001	0.001	0.001
0.765	0.001	0.233	0.001
0.001	0.286	0.712	0.001
0.001	0.997	0.001	0.001
>GSGCKCGCGCGC	5-GSGCKCGCGCGC	10.820574	-9.212599	0	T:5.0(3.97%),B:173.9(0.36%),P:1e-4	Tpos:84.0,Tstd:37.7,Bpos:92.4,Bstd:56.8,StrandBias:1.4,Multiplicity:1.40
0.265	0.081	0.653	0.001
0.001	0.539	0.459	0.001
0.132	0.005	0.856	0.007
0.001	0.997	0.001	0.001
0.001	0.001	0.500	0.498
0.001	0.882	0.116	0.001
0.132	0.001	0.734	0.133
0.001	0.997	0.001	0.001
0.001	0.132	0.745	0.122
0.001	0.867	0.131	0.001
0.265	0.001	0.602	0.132
0.001	0.996	0.002	0.001
>TTTTTTTTTTCC	6-TTTTTTTTTTCC	14.461088	-8.163773	0	T:6.0(4.76%),B:339.2(0.70%),P:1e-3	Tpos:149.4,Tstd:32.6,Bpos:97.2,Bstd:46.8,StrandBias:0.7,Multiplicity:1.00
0.001	0.240	0.001	0.758
0.001	0.001	0.001	0.997
0.001	0.001	0.001	0.997
0.001	0.001	0.001	0.997
0.001	0.001	0.001	0.997
0.001	0.001	0.001	0.997
0.001	0.001	0.001	0.997
0.001	0.001	0.001	0.997
0.001	0.001	0.001	0.997
0.001	0.199	0.001	0.799
0.001	0.736	0.001	0.262
0.001	0.825	0.001	0.173
