>CCCAAGGGAG	1-CCCAAGGGAG	10.197475	-23.111112	0	T:13.0(10.32%),B:414.3(0.86%),P:1e-10	Tpos:131.9,Tstd:41.6,Bpos:93.7,Bstd:62.7,StrandBias:0.0,Multiplicity:1.08
0.001	0.918	0.001	0.080
0.001	0.903	0.001	0.095
0.001	0.997	0.001	0.001
0.997	0.001	0.001	0.001
0.709	0.001	0.205	0.085
0.001	0.001	0.997	0.001
0.070	0.001	0.928	0.001
0.067	0.001	0.931	0.001
0.780	0.125	0.094	0.001
0.001	0.092	0.906	0.001
>TGGCCAGAAA	2-TGGCCAGAAA	10.516460	-19.975787	0	T:12.0(9.52%),B:435.6(0.90%),P:1e-8	Tpos:113.4,Tstd:55.1,Bpos:103.8,Bstd:64.7,StrandBias:0.8,Multiplicity:1.17
0.094	0.001	0.001	0.904
0.001	0.001	0.997	0.001
0.113	0.093	0.793	0.001
0.084	0.831	0.084	0.001
0.001	0.867	0.001	0.131
0.896	0.001	0.001	0.102
0.001	0.001	0.997	0.001
0.793	0.001	0.077	0.129
0.997	0.001	0.001	0.001
0.997	0.001	0.001	0.001
>GGGCTTGGAA	3-GGGCTTGGAA	10.562255	-19.879096	0	T:11.0(8.73%),B:345.2(0.71%),P:1e-8	Tpos:85.3,Tstd:71.0,Bpos:99.5,Bstd:62.1,StrandBias:0.3,Multiplicity:1.00
0.001	0.001	0.997	0.001
0.001	0.001	0.997	0.001
0.001	0.100	0.898	0.001
0.001	0.880	0.001	0.118
0.119	0.080	0.001	0.800
0.001	0.001	0.001	0.997
0.001	0.001	0.888	0.110
0.159	0.001	0.839	0.001
0.792	0.001	0.206	0.001
0.997	0.001	0.001	0.001
>GCTCCTCSTC	4-GCTCCTCSTC	6.692847	-19.162740	0	T:44.0(34.92%),B:6871.8(14.21%),P:1e-8	Tpos:103.3,Tstd:53.5,Bpos:100.5,Bstd:63.1,StrandBias:0.8,Multiplicity:1.32
0.153	0.001	0.845	0.001
0.001	0.960	0.001	0.038
0.212	0.001	0.001	0.786
0.001	0.544	0.194	0.261
0.042	0.954	0.001	0.003
0.035	0.125	0.060	0.780
0.055	0.637	0.056	0.252
0.201	0.311	0.460	0.029
0.001	0.225	0.278	0.496
0.002	0.791	0.041	0.166
>TTGTTCCTGA	5-TTGTTCCTGA	8.561020	-18.786096	0	T:11.0(8.73%),B:384.0(0.79%),P:1e-8	Tpos:112.6,Tstd:48.7,Bpos:101.1,Bstd:65.4,StrandBias:0.3,Multiplicity:1.00
0.085	0.076	0.244	0.595
0.044	0.032	0.024	0.900
0.058	0.064	0.582	0.296
0.028	0.067	0.024	0.881
0.024	0.179	0.040	0.757
0.001	0.594	0.213	0.192
0.293	0.528	0.019	0.160
0.001	0.081	0.048	0.870
0.070	0.284	0.588	0.058
0.493	0.047	0.278	0.181
>GCTTGGCTGT	6-GCTTGGCTGT	10.327985	-18.448227	0	T:11.0(8.73%),B:397.5(0.82%),P:1e-8	Tpos:94.8,Tstd:42.8,Bpos:97.6,Bstd:69.1,StrandBias:0.3,Multiplicity:1.10
0.001	0.001	0.895	0.103
0.001	0.882	0.001	0.116
0.001	0.075	0.001	0.923
0.001	0.001	0.001	0.997
0.001	0.001	0.997	0.001
0.001	0.118	0.759	0.122
0.001	0.733	0.127	0.139
0.001	0.001	0.001	0.997
0.001	0.001	0.997	0.001
0.001	0.102	0.001	0.896
>AATCRATTCA	7-AATCRATTCA	6.991700	-14.380401	0	T:24.0(19.05%),B:2937.8(6.07%),P:1e-6	Tpos:85.6,Tstd:62.4,Bpos:101.5,Bstd:62.1,StrandBias:0.6,Multiplicity:1.04
0.624	0.066	0.244	0.066
0.738	0.001	0.066	0.195
0.134	0.001	0.001	0.864
0.109	0.462	0.187	0.242
0.447	0.069	0.334	0.149
0.933	0.001	0.001	0.065
0.066	0.051	0.001	0.882
0.098	0.001	0.001	0.900
0.231	0.536	0.001	0.232
0.869	0.001	0.072	0.058
>TAGCAGAATG	8-TAGCAGAATG	10.552164	-14.202652	0	T:7.0(5.56%),B:186.0(0.38%),P:1e-6	Tpos:117.2,Tstd:59.4,Bpos:89.5,Bstd:64.3,StrandBias:-0.3,Multiplicity:1.29
0.090	0.001	0.001	0.908
0.997	0.001	0.001	0.001
0.122	0.001	0.876	0.001
0.106	0.892	0.001	0.001
0.997	0.001	0.001	0.001
0.001	0.001	0.757	0.241
0.920	0.078	0.001	0.001
0.997	0.001	0.001	0.001
0.001	0.001	0.001	0.997
0.130	0.001	0.754	0.115
>TTTGTCTGTT	9-TTTGTCTGTT	10.249969	-13.469998	0	T:13.0(10.32%),B:951.6(1.97%),P:1e-5	Tpos:93.1,Tstd:49.8,Bpos:98.8,Bstd:57.9,StrandBias:1.8,Multiplicity:1.15
0.001	0.001	0.001	0.997
0.001	0.090	0.066	0.843
0.001	0.001	0.001	0.997
0.001	0.087	0.849	0.063
0.001	0.001	0.103	0.895
0.001	0.785	0.001	0.213
0.001	0.001	0.001	0.997
0.001	0.081	0.917	0.001
0.122	0.001	0.001	0.876
0.001	0.001	0.090	0.908
>ACCTCATAGC	10-ACCTCATAGC	6.501708	-9.681381	0	T:23.0(18.25%),B:3633.8(7.51%),P:1e-4	Tpos:106.1,Tstd:53.9,Bpos:99.1,Bstd:62.2,StrandBias:-0.2,Multiplicity:1.13
0.792	0.037	0.098	0.073
0.096	0.608	0.054	0.242
0.061	0.710	0.182	0.047
0.163	0.139	0.001	0.697
0.050	0.918	0.031	0.001
0.844	0.079	0.001	0.076
0.389	0.009	0.001	0.601
0.661	0.056	0.059	0.224
0.023	0.028	0.859	0.090
0.051	0.913	0.001	0.035
>GCGCGCGCGC	11-GCGCGCGCGC	10.163099	-4.628379	0	T:3.0(2.38%),B:167.8(0.35%),P:1e-2	Tpos:84.2,Tstd:39.3,Bpos:93.7,Bstd:54.6,StrandBias:-1.0,Multiplicity:1.00
0.100	0.099	0.797	0.004
0.065	0.740	0.194	0.001
0.001	0.052	0.788	0.159
0.003	0.915	0.081	0.001
0.001	0.079	0.832	0.088
0.001	0.772	0.189	0.038
0.001	0.175	0.502	0.322
0.001	0.997	0.001	0.001
0.160	0.113	0.724	0.003
0.001	0.953	0.045	0.001
