>CCACTAGGGGGC	1-CCACTAGGGGGC	8.825251	-346.333116	0	T:396.0(4.10%),B:307.0(0.78%),P:1e-150	Tpos:99.6,Tstd:37.6,Bpos:98.7,Bstd:56.8,StrandBias:0.1,Multiplicity:1.02
0.039	0.897	0.012	0.052
0.012	0.963	0.008	0.017
0.875	0.033	0.051	0.041
0.025	0.865	0.073	0.037
0.133	0.313	0.036	0.518
0.886	0.027	0.046	0.041
0.039	0.012	0.931	0.018
0.313	0.012	0.646	0.029
0.058	0.027	0.729	0.186
0.031	0.021	0.931	0.017
0.017	0.049	0.864	0.070
0.056	0.896	0.017	0.031
>YTGCCAGCTGGC	2-YTGCCAGCTGGC	5.776558	-294.293104	0	T:3429.0(35.49%),B:9667.3(24.49%),P:1e-127	Tpos:99.9,Tstd:51.5,Bpos:99.6,Bstd:66.3,StrandBias:-0.0,Multiplicity:1.31
0.148	0.306	0.182	0.363
0.168	0.024	0.159	0.649
0.040	0.182	0.698	0.080
0.131	0.572	0.237	0.060
0.002	0.996	0.001	0.001
0.826	0.001	0.001	0.172
0.027	0.023	0.872	0.078
0.067	0.902	0.006	0.025
0.191	0.001	0.001	0.807
0.001	0.001	0.959	0.039
0.060	0.304	0.499	0.137
0.123	0.541	0.136	0.200
>AAAAGAGGAAGT	3-AAAAGAGGAAGT	9.038567	-181.311736	0	T:657.0(6.80%),B:1184.6(3.00%),P:1e-78	Tpos:103.3,Tstd:48.9,Bpos:97.3,Bstd:60.2,StrandBias:0.3,Multiplicity:1.06
0.500	0.124	0.305	0.071
0.632	0.126	0.151	0.091
0.892	0.062	0.045	0.001
0.715	0.001	0.152	0.132
0.223	0.299	0.456	0.023
0.767	0.013	0.219	0.001
0.090	0.001	0.908	0.001
0.001	0.001	0.997	0.001
0.979	0.016	0.004	0.001
0.995	0.001	0.001	0.003
0.237	0.167	0.581	0.015
0.012	0.240	0.065	0.683
>NTGCTAATTARH	4-NTGCTAATTARH	5.840846	-155.414252	0	T:2585.0(26.75%),B:7673.1(19.44%),P:1e-67	Tpos:100.0,Tstd:54.6,Bpos:100.9,Bstd:61.4,StrandBias:-0.0,Multiplicity:1.28
0.326	0.221	0.191	0.262
0.118	0.001	0.074	0.807
0.056	0.081	0.669	0.194
0.085	0.609	0.083	0.223
0.195	0.089	0.003	0.713
0.750	0.093	0.093	0.064
0.916	0.001	0.003	0.080
0.084	0.033	0.048	0.835
0.075	0.066	0.126	0.733
0.755	0.001	0.101	0.143
0.435	0.055	0.445	0.065
0.354	0.225	0.182	0.240
>TGGCAGCCAGCC	5-TGGCAGCCAGCC	5.851768	-142.997343	0	T:3231.0(33.44%),B:10180.9(25.80%),P:1e-62	Tpos:101.9,Tstd:53.2,Bpos:101.0,Bstd:65.6,StrandBias:0.0,Multiplicity:1.22
0.402	0.004	0.028	0.566
0.105	0.008	0.857	0.030
0.090	0.214	0.639	0.057
0.180	0.699	0.109	0.012
0.683	0.050	0.009	0.258
0.154	0.065	0.678	0.103
0.232	0.440	0.252	0.075
0.055	0.733	0.148	0.064
0.690	0.057	0.003	0.250
0.139	0.039	0.789	0.033
0.151	0.609	0.126	0.114
0.236	0.600	0.018	0.146
>NTTCCCYWGGGA	6-NTTCCCYWGGGA	6.882612	-138.807927	0	T:1766.0(18.28%),B:4906.0(12.43%),P:1e-60	Tpos:101.9,Tstd:52.4,Bpos:99.1,Bstd:60.3,StrandBias:0.1,Multiplicity:1.10
0.223	0.296	0.167	0.314
0.195	0.250	0.074	0.481
0.057	0.306	0.107	0.530
0.001	0.890	0.001	0.108
0.001	0.922	0.001	0.076
0.174	0.590	0.001	0.235
0.217	0.387	0.063	0.333
0.362	0.001	0.211	0.425
0.001	0.001	0.997	0.001
0.309	0.001	0.500	0.190
0.001	0.001	0.997	0.001
0.507	0.058	0.308	0.127
>AGAGCAGCTGCT	7-AGAGCAGCTGCT	6.451484	-109.368197	0	T:1852.0(19.17%),B:5450.3(13.81%),P:1e-47	Tpos:99.4,Tstd:53.0,Bpos:101.1,Bstd:66.9,StrandBias:0.1,Multiplicity:1.08
0.736	0.034	0.115	0.115
0.118	0.158	0.686	0.038
0.829	0.016	0.046	0.109
0.114	0.042	0.770	0.074
0.141	0.684	0.125	0.050
0.800	0.028	0.045	0.127
0.072	0.069	0.736	0.123
0.140	0.683	0.113	0.064
0.150	0.019	0.033	0.798
0.021	0.100	0.796	0.083
0.092	0.719	0.067	0.122
0.118	0.063	0.051	0.768
>NACAGGAAGTGN	8-NACAGGAAGTGN	6.654904	-95.782992	0	T:716.0(7.41%),B:1706.2(4.32%),P:1e-41	Tpos:103.2,Tstd:52.8,Bpos:97.3,Bstd:60.0,StrandBias:-0.0,Multiplicity:1.04
0.249	0.247	0.300	0.204
0.615	0.126	0.133	0.126
0.155	0.599	0.145	0.101
0.712	0.070	0.086	0.132
0.129	0.066	0.676	0.129
0.151	0.126	0.613	0.110
0.644	0.148	0.135	0.073
0.671	0.070	0.124	0.135
0.149	0.126	0.599	0.126
0.155	0.082	0.141	0.622
0.134	0.120	0.620	0.126
0.328	0.220	0.232	0.220
>TGCCAGGAAATA	9-TGCCAGGAAATA	6.983859	-81.524172	0	T:1245.0(12.88%),B:3563.3(9.03%),P:1e-35	Tpos:100.5,Tstd:53.8,Bpos:101.0,Bstd:62.7,StrandBias:0.1,Multiplicity:1.07
0.114	0.042	0.080	0.764
0.086	0.076	0.725	0.113
0.106	0.717	0.092	0.085
0.096	0.788	0.046	0.070
0.798	0.043	0.044	0.115
0.103	0.019	0.807	0.071
0.096	0.076	0.752	0.076
0.803	0.060	0.078	0.059
0.761	0.073	0.080	0.086
0.705	0.108	0.094	0.093
0.105	0.108	0.103	0.684
0.695	0.088	0.111	0.106
>GTTGCCATGGCA	10-GTTGCCATGGCA	1.985463	-78.657217	0	T:370.0(3.83%),B:747.9(1.90%),P:1e-34	Tpos:101.4,Tstd:53.1,Bpos:101.0,Bstd:63.7,StrandBias:0.1,Multiplicity:1.04
0.001	0.001	0.997	0.001
0.001	0.001	0.001	0.997
0.001	0.001	0.001	0.997
0.001	0.001	0.637	0.361
0.001	0.997	0.001	0.001
0.001	0.997	0.001	0.001
0.997	0.001	0.001	0.001
0.060	0.001	0.060	0.879
0.001	0.001	0.997	0.001
0.001	0.001	0.997	0.001
0.300	0.698	0.001	0.001
0.997	0.001	0.001	0.001
>AGGGGGAGGGGC	11-AGGGGGAGGGGC	9.828254	-74.930013	0	T:409.0(4.23%),B:875.4(2.22%),P:1e-32	Tpos:98.9,Tstd:53.5,Bpos:94.2,Bstd:57.7,StrandBias:0.0,Multiplicity:1.17
0.774	0.101	0.003	0.122
0.198	0.020	0.776	0.006
0.097	0.001	0.807	0.095
0.074	0.001	0.924	0.001
0.001	0.001	0.997	0.001
0.085	0.022	0.892	0.001
0.524	0.369	0.001	0.106
0.071	0.001	0.927	0.001
0.001	0.001	0.933	0.065
0.093	0.001	0.897	0.009
0.001	0.022	0.968	0.009
0.082	0.578	0.116	0.224
>GCAAATGACTCA	12-GCAAATGACTCA	7.070062	-73.522692	0	T:736.0(7.62%),B:1904.8(4.83%),P:1e-31	Tpos:97.1,Tstd:55.2,Bpos:98.8,Bstd:62.7,StrandBias:0.0,Multiplicity:1.06
0.133	0.095	0.679	0.093
0.123	0.690	0.112	0.075
0.816	0.087	0.040	0.057
0.725	0.103	0.088	0.084
0.763	0.075	0.084	0.078
0.082	0.026	0.091	0.801
0.078	0.075	0.768	0.079
0.728	0.076	0.094	0.102
0.100	0.702	0.098	0.100
0.109	0.077	0.047	0.767
0.090	0.747	0.085	0.078
0.815	0.081	0.027	0.077
>CAGBCTYTGGCA	13-CAGBCTYTGGCA	7.626305	-57.427611	0	T:361.0(3.74%),B:813.9(2.06%),P:1e-24	Tpos:99.0,Tstd:52.0,Bpos:97.3,Bstd:64.5,StrandBias:0.1,Multiplicity:1.02
0.258	0.493	0.226	0.024
0.545	0.014	0.070	0.371
0.077	0.028	0.694	0.201
0.115	0.382	0.265	0.238
0.184	0.481	0.139	0.196
0.034	0.289	0.019	0.658
0.075	0.285	0.215	0.424
0.031	0.048	0.167	0.754
0.092	0.025	0.852	0.031
0.185	0.207	0.421	0.186
0.285	0.596	0.038	0.081
0.480	0.275	0.015	0.230
>GCTTTTGTTCTC	14-GCTTTTGTTCTC	9.158074	-54.030611	0	T:304.0(3.15%),B:659.7(1.67%),P:1e-23	Tpos:95.5,Tstd:54.1,Bpos:99.1,Bstd:61.4,StrandBias:0.3,Multiplicity:1.02
0.049	0.079	0.766	0.106
0.029	0.829	0.074	0.068
0.046	0.094	0.034	0.826
0.034	0.031	0.058	0.877
0.010	0.057	0.061	0.872
0.033	0.027	0.029	0.911
0.058	0.086	0.785	0.071
0.063	0.084	0.020	0.833
0.041	0.050	0.064	0.845
0.029	0.803	0.050	0.118
0.039	0.070	0.005	0.886
0.065	0.771	0.101	0.063
>TGTTTATTCAGC	15-TGTTTATTCAGC	8.975221	-48.370203	0	T:277.0(2.87%),B:605.1(1.53%),P:1e-21	Tpos:99.9,Tstd:53.8,Bpos:104.3,Bstd:60.8,StrandBias:0.1,Multiplicity:1.01
0.065	0.006	0.041	0.888
0.111	0.026	0.795	0.068
0.045	0.057	0.042	0.856
0.048	0.018	0.088	0.846
0.073	0.043	0.018	0.866
0.768	0.073	0.077	0.082
0.041	0.097	0.024	0.838
0.069	0.062	0.053	0.816
0.038	0.850	0.053	0.059
0.868	0.030	0.012	0.090
0.049	0.036	0.851	0.064
0.065	0.762	0.057	0.116
>ATGAATTATTHA	16-ATGAATTATTHA	9.185856	-47.899220	0	T:89.0(0.92%),B:109.6(0.28%),P:1e-20	Tpos:102.5,Tstd:54.0,Bpos:101.6,Bstd:67.8,StrandBias:0.2,Multiplicity:1.00
0.453	0.266	0.086	0.195
0.260	0.015	0.032	0.693
0.037	0.052	0.644	0.267
0.548	0.247	0.025	0.180
0.701	0.029	0.226	0.044
0.042	0.027	0.192	0.739
0.327	0.163	0.024	0.487
0.713	0.219	0.026	0.042
0.046	0.035	0.155	0.764
0.040	0.209	0.041	0.710
0.311	0.321	0.121	0.247
0.740	0.181	0.029	0.050
>GGWTCGAATCCG	17-GGWTCGAATCCG	10.906592	-43.702921	0	T:20.0(0.21%),B:4.7(0.01%),P:1e-18	Tpos:115.2,Tstd:61.7,Bpos:70.9,Bstd:42.8,StrandBias:0.3,Multiplicity:1.00
0.001	0.001	0.997	0.001
0.064	0.064	0.808	0.064
0.443	0.001	0.001	0.555
0.001	0.001	0.002	0.996
0.001	0.678	0.128	0.193
0.064	0.001	0.807	0.128
0.870	0.128	0.001	0.001
0.997	0.001	0.001	0.001
0.003	0.379	0.064	0.554
0.001	0.997	0.001	0.001
0.001	0.997	0.001	0.001
0.064	0.089	0.775	0.072
>TGCTGAGTCATC	18-TGCTGAGTCATC	12.970603	-42.568641	0	T:16.0(0.17%),B:2.2(0.01%),P:1e-18	Tpos:103.7,Tstd:54.3,Bpos:32.9,Bstd:17.8,StrandBias:-1.0,Multiplicity:1.60
0.001	0.001	0.001	0.997
0.001	0.001	0.868	0.130
0.001	0.997	0.001	0.001
0.001	0.001	0.001	0.997
0.130	0.001	0.739	0.130
0.739	0.001	0.130	0.130
0.001	0.001	0.997	0.001
0.001	0.001	0.130	0.868
0.001	0.868	0.001	0.130
0.997	0.001	0.001	0.001
0.001	0.073	0.001	0.925
0.001	0.997	0.001	0.001
>TAGCTCAGTRGG	19-TAGCTCAGTRGG	12.691957	-40.681998	0	T:19.0(0.20%),B:4.2(0.01%),P:1e-17	Tpos:85.7,Tstd:42.5,Bpos:120.0,Bstd:60.9,StrandBias:0.3,Multiplicity:1.00
0.080	0.001	0.273	0.646
0.967	0.001	0.001	0.031
0.079	0.001	0.919	0.001
0.001	0.997	0.001	0.001
0.001	0.001	0.001	0.997
0.001	0.997	0.001	0.001
0.997	0.001	0.001	0.001
0.001	0.001	0.997	0.001
0.001	0.160	0.001	0.838
0.321	0.120	0.466	0.093
0.079	0.001	0.919	0.001
0.001	0.001	0.726	0.272
>TATTCAATGCCT	20-TATTCAATGCCT	12.462334	-40.362560	0	T:26.0(0.27%),B:10.8(0.03%),P:1e-17	Tpos:100.4,Tstd:61.2,Bpos:101.1,Bstd:57.1,StrandBias:0.3,Multiplicity:1.00
0.001	0.001	0.001	0.997
0.852	0.001	0.043	0.104
0.103	0.001	0.001	0.895
0.042	0.001	0.001	0.956
0.043	0.913	0.043	0.001
0.997	0.001	0.001	0.001
0.701	0.001	0.255	0.043
0.001	0.001	0.042	0.956
0.001	0.043	0.852	0.104
0.001	0.997	0.001	0.001
0.001	0.997	0.001	0.001
0.043	0.043	0.043	0.871
>GCCAATCAGCGG	21-GCCAATCAGCGG	9.158447	-35.005758	0	T:127.0(1.31%),B:232.6(0.59%),P:1e-15	Tpos:91.9,Tstd:50.9,Bpos:92.0,Bstd:61.4,StrandBias:0.1,Multiplicity:1.04
0.064	0.023	0.856	0.057
0.011	0.932	0.023	0.034
0.079	0.909	0.011	0.001
0.887	0.045	0.023	0.045
0.818	0.091	0.057	0.034
0.079	0.057	0.045	0.819
0.045	0.891	0.041	0.023
0.868	0.045	0.076	0.011
0.034	0.045	0.898	0.023
0.190	0.548	0.137	0.125
0.107	0.045	0.757	0.091
0.079	0.051	0.824	0.046
>AAGACGGACAGT	22-AAGACGGACAGT	8.246744	-28.596176	0	T:16.0(0.17%),B:5.6(0.01%),P:1e-12	Tpos:88.7,Tstd:43.3,Bpos:103.6,Bstd:55.3,StrandBias:0.0,Multiplicity:1.00
0.502	0.180	0.209	0.109
0.687	0.010	0.177	0.126
0.191	0.200	0.506	0.103
0.641	0.013	0.172	0.174
0.146	0.508	0.154	0.192
0.152	0.121	0.445	0.282
0.149	0.209	0.524	0.118
0.549	0.125	0.150	0.176
0.189	0.559	0.117	0.135
0.781	0.009	0.007	0.203
0.177	0.104	0.528	0.191
0.128	0.214	0.124	0.534
>TACATCGTCAGA	23-TACATCGTCAGA	11.359650	-18.631620	0	T:11.0(0.11%),B:4.1(0.01%),P:1e-8	Tpos:109.7,Tstd:55.8,Bpos:119.9,Bstd:44.2,StrandBias:0.0,Multiplicity:1.20
0.033	0.001	0.067	0.899
0.826	0.070	0.034	0.070
0.034	0.897	0.002	0.067
0.898	0.034	0.034	0.034
0.034	0.101	0.067	0.798
0.104	0.556	0.169	0.171
0.101	0.171	0.692	0.036
0.001	0.033	0.135	0.831
0.070	0.862	0.067	0.001
0.965	0.001	0.001	0.033
0.066	0.001	0.932	0.001
0.865	0.033	0.101	0.001
>AATGGAATGGAA	24-AATGGAATGGAA	10.721753	-17.035627	0	T:33.0(0.34%),B:44.2(0.11%),P:1e-7	Tpos:101.8,Tstd:55.3,Bpos:84.9,Bstd:48.8,StrandBias:-2.5,Multiplicity:1.73
0.977	0.011	0.011	0.001
0.878	0.001	0.093	0.028
0.048	0.012	0.012	0.928
0.019	0.012	0.941	0.028
0.048	0.048	0.903	0.001
0.977	0.011	0.011	0.001
0.960	0.001	0.011	0.028
0.001	0.028	0.028	0.943
0.001	0.011	0.981	0.007
0.020	0.028	0.940	0.012
0.940	0.048	0.001	0.011
0.951	0.001	0.001	0.047
>CCCTTGACCTCC	25-CCCTTGACCTCC	10.692463	-5.513944	0	T:6.0(0.06%),B:6.7(0.02%),P:1e-2	Tpos:120.4,Tstd:45.5,Bpos:112.7,Bstd:32.4,StrandBias:-1.2,Multiplicity:2.17
0.001	0.997	0.001	0.001
0.001	0.946	0.001	0.052
0.001	0.997	0.001	0.001
0.001	0.001	0.001	0.997
0.001	0.001	0.001	0.997
0.001	0.001	0.997	0.001
0.997	0.001	0.001	0.001
0.001	0.997	0.001	0.001
0.001	0.997	0.001	0.001
0.001	0.052	0.001	0.946
0.001	0.997	0.001	0.001
0.001	0.997	0.001	0.001
