>NRSCAGCTGG	1-NRSCAGCTGG	6.352336	-408.007043	0	T:3043.0(31.49%),B:7626.8(19.32%),P:1e-177	Tpos:100.7,Tstd:51.5,Bpos:100.5,Bstd:66.1,StrandBias:0.0,Multiplicity:1.23
0.262	0.288	0.166	0.283
0.471	0.092	0.349	0.087
0.249	0.418	0.293	0.040
0.001	0.997	0.001	0.001
0.946	0.001	0.001	0.052
0.032	0.001	0.746	0.221
0.261	0.728	0.001	0.010
0.121	0.001	0.001	0.877
0.001	0.001	0.985	0.013
0.077	0.209	0.478	0.236
>RAVAGGAAGT	2-RAVAGGAAGT	7.074991	-297.141460	0	T:2342.0(24.24%),B:5856.0(14.84%),P:1e-129	Tpos:101.7,Tstd:51.8,Bpos:98.7,Bstd:61.7,StrandBias:0.1,Multiplicity:1.18
0.422	0.169	0.273	0.137
0.480	0.102	0.211	0.207
0.275	0.417	0.307	0.001
0.691	0.062	0.246	0.001
0.001	0.001	0.997	0.001
0.001	0.001	0.994	0.004
0.935	0.063	0.001	0.001
0.987	0.001	0.001	0.011
0.180	0.145	0.573	0.102
0.001	0.275	0.021	0.703
>YTGSCARVVB	3-YTGSCARVVB	5.397101	-290.769553	0	T:2235.0(23.13%),B:5534.5(14.02%),P:1e-126	Tpos:102.7,Tstd:51.1,Bpos:100.7,Bstd:65.3,StrandBias:-0.0,Multiplicity:1.13
0.040	0.466	0.027	0.467
0.084	0.047	0.048	0.821
0.062	0.062	0.822	0.054
0.001	0.464	0.494	0.040
0.049	0.828	0.057	0.066
0.805	0.045	0.062	0.088
0.413	0.043	0.503	0.041
0.303	0.309	0.354	0.033
0.313	0.352	0.283	0.052
0.131	0.257	0.333	0.279
>DKYTAATTAR	4-DKYTAATTAR	5.691816	-224.813371	0	T:2529.0(26.17%),B:6938.5(17.58%),P:1e-97	Tpos:100.7,Tstd:54.1,Bpos:100.4,Bstd:61.9,StrandBias:0.0,Multiplicity:1.31
0.298	0.142	0.248	0.311
0.180	0.210	0.379	0.231
0.108	0.367	0.178	0.348
0.127	0.202	0.001	0.670
0.760	0.153	0.086	0.001
0.997	0.001	0.001	0.001
0.001	0.001	0.001	0.997
0.001	0.109	0.252	0.638
0.828	0.001	0.138	0.033
0.345	0.192	0.362	0.101
>CACTAGGGGG	5-CACTAGGGGG	8.152095	-209.083345	0	T:482.0(4.99%),B:673.3(1.71%),P:1e-90	Tpos:98.1,Tstd:42.8,Bpos:95.8,Bstd:58.0,StrandBias:-0.1,Multiplicity:1.03
0.042	0.890	0.052	0.016
0.661	0.001	0.215	0.123
0.001	0.730	0.155	0.114
0.052	0.340	0.086	0.522
0.911	0.001	0.063	0.025
0.001	0.001	0.997	0.001
0.271	0.019	0.670	0.040
0.015	0.017	0.779	0.189
0.052	0.041	0.865	0.042
0.062	0.001	0.763	0.174
>TAAACAGCCG	6-TAAACAGCCG	4.615377	-186.229479	0	T:5039.0(52.15%),B:16764.8(42.48%),P:1e-80	Tpos:98.6,Tstd:56.1,Bpos:99.8,Bstd:63.1,StrandBias:0.0,Multiplicity:1.24
0.107	0.101	0.108	0.684
0.697	0.098	0.107	0.098
0.710	0.109	0.094	0.087
0.687	0.100	0.103	0.110
0.108	0.726	0.087	0.079
0.761	0.071	0.074	0.094
0.085	0.082	0.730	0.103
0.083	0.720	0.088	0.109
0.132	0.641	0.119	0.108
0.118	0.105	0.646	0.131
>ACTGACAGGA	7-ACTGACAGGA	4.603133	-185.197160	0	T:5576.0(57.70%),B:18955.7(48.03%),P:1e-80	Tpos:99.9,Tstd:55.6,Bpos:99.6,Bstd:62.8,StrandBias:-0.0,Multiplicity:1.31
0.665	0.097	0.110	0.128
0.105	0.706	0.084	0.105
0.099	0.079	0.077	0.745
0.097	0.109	0.717	0.077
0.724	0.087	0.092	0.097
0.120	0.683	0.119	0.078
0.695	0.089	0.107	0.109
0.106	0.084	0.698	0.112
0.112	0.105	0.669	0.114
0.699	0.097	0.110	0.094
>TGCCAATTGG	8-TGCCAATTGG	5.164810	-169.778857	0	T:2066.0(21.38%),B:5714.3(14.48%),P:1e-73	Tpos:100.0,Tstd:52.6,Bpos:98.0,Bstd:63.1,StrandBias:0.1,Multiplicity:1.10
0.123	0.051	0.092	0.734
0.087	0.105	0.728	0.080
0.121	0.693	0.091	0.095
0.088	0.752	0.066	0.094
0.749	0.081	0.070	0.100
0.666	0.115	0.104	0.115
0.123	0.110	0.136	0.631
0.099	0.093	0.145	0.663
0.116	0.059	0.712	0.113
0.120	0.105	0.673	0.102
>ACAGBCTGTT	9-ACAGBCTGTT	5.838408	-162.618231	0	T:3975.0(41.14%),B:12817.3(32.47%),P:1e-70	Tpos:98.9,Tstd:55.2,Bpos:99.6,Bstd:64.7,StrandBias:0.0,Multiplicity:1.20
0.589	0.070	0.340	0.001
0.294	0.447	0.258	0.001
0.813	0.001	0.001	0.185
0.006	0.001	0.845	0.148
0.105	0.293	0.376	0.227
0.001	0.997	0.001	0.001
0.339	0.001	0.001	0.659
0.057	0.077	0.611	0.255
0.069	0.276	0.061	0.594
0.001	0.311	0.211	0.476
>GGATTATTCA	10-GGATTATTCA	6.657156	-130.433461	0	T:952.0(9.85%),B:2259.3(5.72%),P:1e-56	Tpos:100.8,Tstd:54.2,Bpos:98.9,Bstd:62.3,StrandBias:0.2,Multiplicity:1.06
0.094	0.001	0.678	0.227
0.128	0.114	0.751	0.007
0.822	0.041	0.017	0.120
0.028	0.001	0.047	0.924
0.057	0.001	0.213	0.729
0.861	0.016	0.115	0.008
0.018	0.166	0.141	0.675
0.019	0.131	0.109	0.741
0.007	0.811	0.086	0.096
0.807	0.128	0.001	0.064
>TTCCCATGGG	11-TTCCCATGGG	4.874296	-127.840791	0	T:3151.0(32.61%),B:10037.7(25.43%),P:1e-55	Tpos:100.4,Tstd:53.8,Bpos:99.8,Bstd:61.1,StrandBias:0.0,Multiplicity:1.15
0.103	0.094	0.085	0.718
0.090	0.127	0.064	0.719
0.086	0.696	0.105	0.113
0.098	0.734	0.082	0.086
0.093	0.714	0.071	0.122
0.647	0.122	0.099	0.132
0.109	0.097	0.126	0.668
0.101	0.075	0.726	0.098
0.107	0.091	0.687	0.115
0.104	0.123	0.690	0.083
>GCTTTGTGCT	12-GCTTTGTGCT	4.747437	-125.381121	0	T:4278.0(44.27%),B:14417.5(36.53%),P:1e-54	Tpos:99.2,Tstd:55.5,Bpos:99.7,Bstd:63.6,StrandBias:-0.1,Multiplicity:1.22
0.080	0.128	0.684	0.108
0.102	0.725	0.080	0.093
0.113	0.099	0.089	0.699
0.089	0.119	0.111	0.681
0.097	0.079	0.100	0.724
0.107	0.111	0.682	0.100
0.094	0.095	0.081	0.730
0.108	0.084	0.693	0.115
0.117	0.706	0.072	0.105
0.101	0.119	0.104	0.676
>RWTKSCTCTG	13-RWTKSCTCTG	6.782274	-109.165431	0	T:2198.0(22.75%),B:6697.3(16.97%),P:1e-47	Tpos:99.6,Tstd:56.2,Bpos:100.1,Bstd:63.7,StrandBias:0.1,Multiplicity:1.10
0.504	0.001	0.447	0.048
0.320	0.253	0.001	0.426
0.142	0.308	0.001	0.549
0.199	0.140	0.289	0.372
0.001	0.361	0.470	0.168
0.001	0.997	0.001	0.001
0.340	0.027	0.001	0.632
0.001	0.709	0.001	0.289
0.391	0.001	0.001	0.607
0.001	0.010	0.988	0.001
>TTTCCGGCAG	14-TTTCCGGCAG	7.373733	-108.155238	0	T:877.0(9.08%),B:2145.9(5.44%),P:1e-46	Tpos:98.8,Tstd:55.5,Bpos:98.9,Bstd:62.5,StrandBias:0.0,Multiplicity:1.03
0.001	0.174	0.001	0.824
0.001	0.119	0.001	0.879
0.001	0.132	0.038	0.829
0.001	0.741	0.145	0.113
0.001	0.921	0.001	0.077
0.171	0.088	0.576	0.165
0.019	0.092	0.888	0.001
0.001	0.741	0.092	0.166
0.638	0.099	0.001	0.262
0.080	0.239	0.680	0.001
>AGGGCGGAGC	15-AGGGCGGAGC	7.228269	-63.329469	0	T:485.0(5.02%),B:1163.3(2.95%),P:1e-27	Tpos:99.7,Tstd:51.9,Bpos:95.5,Bstd:60.1,StrandBias:-0.1,Multiplicity:1.17
0.520	0.139	0.179	0.162
0.002	0.139	0.766	0.093
0.147	0.171	0.552	0.130
0.115	0.092	0.725	0.068
0.123	0.685	0.089	0.103
0.031	0.047	0.815	0.107
0.087	0.104	0.720	0.089
0.671	0.119	0.129	0.081
0.113	0.045	0.778	0.064
0.074	0.711	0.123	0.092
>AGCGGATTTG	16-AGCGGATTTG	6.534807	-62.281951	0	T:895.0(9.26%),B:2521.5(6.39%),P:1e-27	Tpos:102.3,Tstd:56.1,Bpos:100.8,Bstd:63.2,StrandBias:0.0,Multiplicity:1.03
0.838	0.040	0.060	0.062
0.095	0.052	0.776	0.077
0.098	0.726	0.060	0.116
0.092	0.065	0.744	0.099
0.031	0.103	0.824	0.042
0.848	0.054	0.056	0.042
0.071	0.054	0.064	0.811
0.054	0.068	0.098	0.780
0.087	0.034	0.027	0.852
0.066	0.070	0.802	0.062
>CCTKCCTCTC	17-CCTKCCTCTC	7.824038	-58.028437	0	T:1126.0(11.65%),B:3365.2(8.53%),P:1e-25	Tpos:98.0,Tstd:54.7,Bpos:100.1,Bstd:61.0,StrandBias:-0.0,Multiplicity:1.09
0.250	0.640	0.093	0.017
0.223	0.673	0.048	0.056
0.264	0.206	0.085	0.445
0.001	0.045	0.493	0.461
0.001	0.981	0.001	0.017
0.045	0.953	0.001	0.001
0.078	0.001	0.017	0.904
0.001	0.942	0.056	0.001
0.001	0.195	0.001	0.803
0.016	0.750	0.001	0.233
>CTCTAGAGAG	18-CTCTAGAGAG	7.165526	-53.561335	0	T:475.0(4.92%),B:1189.8(3.01%),P:1e-23	Tpos:103.2,Tstd:55.2,Bpos:99.7,Bstd:59.6,StrandBias:0.0,Multiplicity:1.02
0.054	0.835	0.066	0.045
0.079	0.062	0.066	0.793
0.071	0.815	0.044	0.070
0.047	0.093	0.091	0.769
0.809	0.017	0.097	0.077
0.075	0.060	0.826	0.039
0.821	0.061	0.100	0.018
0.044	0.054	0.880	0.022
0.764	0.048	0.132	0.056
0.102	0.140	0.693	0.065
>GGGGGGGGGG	19-GGGGGGGGGG	5.845014	-48.809355	0	T:1129.0(11.68%),B:3474.7(8.80%),P:1e-21	Tpos:98.7,Tstd:54.9,Bpos:96.8,Bstd:54.9,StrandBias:0.1,Multiplicity:1.27
0.147	0.136	0.590	0.127
0.144	0.138	0.599	0.119
0.145	0.139	0.608	0.108
0.147	0.134	0.605	0.114
0.147	0.124	0.611	0.118
0.145	0.127	0.611	0.117
0.142	0.137	0.602	0.119
0.139	0.136	0.604	0.121
0.147	0.137	0.587	0.129
0.147	0.138	0.585	0.130
>ATTGTTGGCT	20-ATTGTTGGCT	11.876907	-29.910164	0	T:37.0(0.38%),B:33.9(0.09%),P:1e-12	Tpos:95.8,Tstd:46.6,Bpos:102.9,Bstd:41.5,StrandBias:-0.6,Multiplicity:1.00
0.997	0.001	0.001	0.001
0.001	0.001	0.001	0.997
0.001	0.001	0.001	0.997
0.001	0.001	0.997	0.001
0.141	0.301	0.001	0.557
0.001	0.001	0.001	0.997
0.001	0.001	0.997	0.001
0.001	0.001	0.997	0.001
0.001	0.997	0.001	0.001
0.001	0.001	0.001	0.997
>GGWTCGAAAC	21-GGWTCGAAAC	11.022867	-28.363339	0	T:17.0(0.18%),B:6.3(0.02%),P:1e-12	Tpos:116.5,Tstd:54.5,Bpos:85.6,Bstd:36.4,StrandBias:-0.5,Multiplicity:1.00
0.001	0.001	0.997	0.001
0.001	0.001	0.801	0.197
0.474	0.001	0.001	0.524
0.001	0.001	0.197	0.801
0.001	0.997	0.001	0.001
0.001	0.001	0.997	0.001
0.720	0.278	0.001	0.001
0.997	0.001	0.001	0.001
0.753	0.001	0.001	0.245
0.001	0.997	0.001	0.001
>AATGCAAATG	22-AATGCAAATG	10.825324	-28.328185	0	T:66.0(0.68%),B:96.3(0.24%),P:1e-12	Tpos:98.2,Tstd:53.6,Bpos:97.3,Bstd:66.7,StrandBias:-0.4,Multiplicity:1.04
0.997	0.001	0.001	0.001
0.915	0.001	0.001	0.083
0.001	0.001	0.001	0.997
0.001	0.001	0.729	0.269
0.001	0.997	0.001	0.001
0.964	0.001	0.034	0.001
0.837	0.001	0.001	0.161
0.997	0.001	0.001	0.001
0.001	0.001	0.001	0.997
0.001	0.001	0.997	0.001
>CCCAGAGGCC	23-CCCAGAGGCC	11.298876	-28.306107	0	T:99.0(1.02%),B:179.4(0.45%),P:1e-12	Tpos:99.4,Tstd:49.2,Bpos:106.8,Bstd:62.7,StrandBias:-0.5,Multiplicity:1.01
0.001	0.997	0.001	0.001
0.001	0.997	0.001	0.001
0.001	0.997	0.001	0.001
0.997	0.001	0.001	0.001
0.001	0.150	0.848	0.001
0.997	0.001	0.001	0.001
0.001	0.001	0.997	0.001
0.001	0.001	0.997	0.001
0.001	0.791	0.115	0.093
0.001	0.997	0.001	0.001
>AGTCTTTGGC	24-AGTCTTTGGC	11.063900	-23.490501	0	T:55.0(0.57%),B:81.6(0.21%),P:1e-10	Tpos:108.3,Tstd:57.6,Bpos:102.9,Bstd:52.9,StrandBias:-0.2,Multiplicity:1.00
0.629	0.038	0.001	0.332
0.001	0.001	0.997	0.001
0.001	0.300	0.001	0.698
0.037	0.961	0.001	0.001
0.001	0.001	0.075	0.923
0.038	0.001	0.328	0.633
0.001	0.155	0.038	0.806
0.001	0.075	0.923	0.001
0.038	0.155	0.806	0.001
0.001	0.961	0.037	0.001
>GCRTTCCGTT	25-GCRTTCCGTT	9.084890	-18.321944	0	T:51.0(0.53%),B:84.1(0.21%),P:1e-7	Tpos:104.2,Tstd:56.8,Bpos:83.1,Bstd:59.7,StrandBias:1.9,Multiplicity:2.07
0.001	0.393	0.605	0.001
0.261	0.737	0.001	0.001
0.571	0.006	0.422	0.001
0.064	0.071	0.129	0.736
0.001	0.001	0.135	0.863
0.064	0.818	0.117	0.001
0.006	0.745	0.248	0.001
0.279	0.001	0.719	0.001
0.064	0.006	0.006	0.924
0.001	0.063	0.001	0.935
