>NRSCAGCTGG	1-NRSCAGCTGG	6.352336	-408.007043	0	T:3043.0(31.49%),B:7626.8(19.32%),P:1e-177	Tpos:100.7,Tstd:51.5,Bpos:100.5,Bstd:66.1,StrandBias:0.0,Multiplicity:1.23
0.262	0.288	0.166	0.283
0.471	0.092	0.349	0.087
0.249	0.418	0.293	0.040
0.001	0.997	0.001	0.001
0.946	0.001	0.001	0.052
0.032	0.001	0.746	0.221
0.261	0.728	0.001	0.010
0.121	0.001	0.001	0.877
0.001	0.001	0.985	0.013
0.077	0.209	0.478	0.236
>RAVAGGAAGT	2-RAVAGGAAGT	7.074991	-297.141460	0	T:2342.0(24.24%),B:5856.0(14.84%),P:1e-129	Tpos:101.7,Tstd:51.8,Bpos:98.7,Bstd:61.7,StrandBias:0.1,Multiplicity:1.18
0.422	0.169	0.273	0.137
0.480	0.102	0.211	0.207
0.275	0.417	0.307	0.001
0.691	0.062	0.246	0.001
0.001	0.001	0.997	0.001
0.001	0.001	0.994	0.004
0.935	0.063	0.001	0.001
0.987	0.001	0.001	0.011
0.180	0.145	0.573	0.102
0.001	0.275	0.021	0.703
>YTGSCARVVB	3-YTGSCARVVB	5.397101	-290.769553	0	T:2235.0(23.13%),B:5534.5(14.02%),P:1e-126	Tpos:102.7,Tstd:51.1,Bpos:100.7,Bstd:65.3,StrandBias:-0.0,Multiplicity:1.13
0.040	0.466	0.027	0.467
0.084	0.047	0.048	0.821
0.062	0.062	0.822	0.054
0.001	0.464	0.494	0.040
0.049	0.828	0.057	0.066
0.805	0.045	0.062	0.088
0.413	0.043	0.503	0.041
0.303	0.309	0.354	0.033
0.313	0.352	0.283	0.052
0.131	0.257	0.333	0.279
>DKYTAATTAR	4-DKYTAATTAR	5.691816	-224.813371	0	T:2529.0(26.17%),B:6938.5(17.58%),P:1e-97	Tpos:100.7,Tstd:54.1,Bpos:100.4,Bstd:61.9,StrandBias:0.0,Multiplicity:1.31
0.298	0.142	0.248	0.311
0.180	0.210	0.379	0.231
0.108	0.367	0.178	0.348
0.127	0.202	0.001	0.670
0.760	0.153	0.086	0.001
0.997	0.001	0.001	0.001
0.001	0.001	0.001	0.997
0.001	0.109	0.252	0.638
0.828	0.001	0.138	0.033
0.345	0.192	0.362	0.101
>CACTAGGGGG	5-CACTAGGGGG	8.152095	-209.083345	0	T:482.0(4.99%),B:673.3(1.71%),P:1e-90	Tpos:98.1,Tstd:42.8,Bpos:95.8,Bstd:58.0,StrandBias:-0.1,Multiplicity:1.03
0.042	0.890	0.052	0.016
0.661	0.001	0.215	0.123
0.001	0.730	0.155	0.114
0.052	0.340	0.086	0.522
0.911	0.001	0.063	0.025
0.001	0.001	0.997	0.001
0.271	0.019	0.670	0.040
0.015	0.017	0.779	0.189
0.052	0.041	0.865	0.042
0.062	0.001	0.763	0.174
>TAAACAGCCG	6-TAAACAGCCG	4.615377	-186.229479	0	T:5039.0(52.15%),B:16764.8(42.48%),P:1e-80	Tpos:98.6,Tstd:56.1,Bpos:99.8,Bstd:63.1,StrandBias:0.0,Multiplicity:1.24
0.107	0.101	0.108	0.684
0.697	0.098	0.107	0.098
0.710	0.109	0.094	0.087
0.687	0.100	0.103	0.110
0.108	0.726	0.087	0.079
0.761	0.071	0.074	0.094
0.085	0.082	0.730	0.103
0.083	0.720	0.088	0.109
0.132	0.641	0.119	0.108
0.118	0.105	0.646	0.131
>ACTGACAGGA	7-ACTGACAGGA	4.603133	-185.197160	0	T:5576.0(57.70%),B:18955.7(48.03%),P:1e-80	Tpos:99.9,Tstd:55.6,Bpos:99.6,Bstd:62.8,StrandBias:-0.0,Multiplicity:1.31
0.665	0.097	0.110	0.128
0.105	0.706	0.084	0.105
0.099	0.079	0.077	0.745
0.097	0.109	0.717	0.077
0.724	0.087	0.092	0.097
0.120	0.683	0.119	0.078
0.695	0.089	0.107	0.109
0.106	0.084	0.698	0.112
0.112	0.105	0.669	0.114
0.699	0.097	0.110	0.094
>TGCCAATTGG	8-TGCCAATTGG	5.164810	-169.778857	0	T:2066.0(21.38%),B:5714.3(14.48%),P:1e-73	Tpos:100.0,Tstd:52.6,Bpos:98.0,Bstd:63.1,StrandBias:0.1,Multiplicity:1.10
0.123	0.051	0.092	0.734
0.087	0.105	0.728	0.080
0.121	0.693	0.091	0.095
0.088	0.752	0.066	0.094
0.749	0.081	0.070	0.100
0.666	0.115	0.104	0.115
0.123	0.110	0.136	0.631
0.099	0.093	0.145	0.663
0.116	0.059	0.712	0.113
0.120	0.105	0.673	0.102
>ACAGBCTGTT	9-ACAGBCTGTT	5.838408	-162.618231	0	T:3975.0(41.14%),B:12817.3(32.47%),P:1e-70	Tpos:98.9,Tstd:55.2,Bpos:99.6,Bstd:64.7,StrandBias:0.0,Multiplicity:1.20
0.589	0.070	0.340	0.001
0.294	0.447	0.258	0.001
0.813	0.001	0.001	0.185
0.006	0.001	0.845	0.148
0.105	0.293	0.376	0.227
0.001	0.997	0.001	0.001
0.339	0.001	0.001	0.659
0.057	0.077	0.611	0.255
0.069	0.276	0.061	0.594
0.001	0.311	0.211	0.476
>GGATTATTCA	10-GGATTATTCA	6.657156	-130.433461	0	T:952.0(9.85%),B:2259.3(5.72%),P:1e-56	Tpos:100.8,Tstd:54.2,Bpos:98.9,Bstd:62.3,StrandBias:0.2,Multiplicity:1.06
0.094	0.001	0.678	0.227
0.128	0.114	0.751	0.007
0.822	0.041	0.017	0.120
0.028	0.001	0.047	0.924
0.057	0.001	0.213	0.729
0.861	0.016	0.115	0.008
0.018	0.166	0.141	0.675
0.019	0.131	0.109	0.741
0.007	0.811	0.086	0.096
0.807	0.128	0.001	0.064
>TTCCCATGGG	11-TTCCCATGGG	4.874296	-127.840791	0	T:3151.0(32.61%),B:10037.7(25.43%),P:1e-55	Tpos:100.4,Tstd:53.8,Bpos:99.8,Bstd:61.1,StrandBias:0.0,Multiplicity:1.15
0.103	0.094	0.085	0.718
0.090	0.127	0.064	0.719
0.086	0.696	0.105	0.113
0.098	0.734	0.082	0.086
0.093	0.714	0.071	0.122
0.647	0.122	0.099	0.132
0.109	0.097	0.126	0.668
0.101	0.075	0.726	0.098
0.107	0.091	0.687	0.115
0.104	0.123	0.690	0.083
>GCTTTGTGCT	12-GCTTTGTGCT	4.747437	-125.381121	0	T:4278.0(44.27%),B:14417.5(36.53%),P:1e-54	Tpos:99.2,Tstd:55.5,Bpos:99.7,Bstd:63.6,StrandBias:-0.1,Multiplicity:1.22
0.080	0.128	0.684	0.108
0.102	0.725	0.080	0.093
0.113	0.099	0.089	0.699
0.089	0.119	0.111	0.681
0.097	0.079	0.100	0.724
0.107	0.111	0.682	0.100
0.094	0.095	0.081	0.730
0.108	0.084	0.693	0.115
0.117	0.706	0.072	0.105
0.101	0.119	0.104	0.676
>RWTKSCTCTG	13-RWTKSCTCTG	6.782274	-109.165431	0	T:2198.0(22.75%),B:6697.3(16.97%),P:1e-47	Tpos:99.6,Tstd:56.2,Bpos:100.1,Bstd:63.7,StrandBias:0.1,Multiplicity:1.10
0.504	0.001	0.447	0.048
0.320	0.253	0.001	0.426
0.142	0.308	0.001	0.549
0.199	0.140	0.289	0.372
0.001	0.361	0.470	0.168
0.001	0.997	0.001	0.001
0.340	0.027	0.001	0.632
0.001	0.709	0.001	0.289
0.391	0.001	0.001	0.607
0.001	0.010	0.988	0.001
>TTTCCGGCAG	14-TTTCCGGCAG	7.373733	-108.155238	0	T:877.0(9.08%),B:2145.9(5.44%),P:1e-46	Tpos:98.8,Tstd:55.5,Bpos:98.9,Bstd:62.5,StrandBias:0.0,Multiplicity:1.03
0.001	0.174	0.001	0.824
0.001	0.119	0.001	0.879
0.001	0.132	0.038	0.829
0.001	0.741	0.145	0.113
0.001	0.921	0.001	0.077
0.171	0.088	0.576	0.165
0.019	0.092	0.888	0.001
0.001	0.741	0.092	0.166
0.638	0.099	0.001	0.262
0.080	0.239	0.680	0.001
>AGGGCGGAGC	15-AGGGCGGAGC	7.228269	-63.329469	0	T:485.0(5.02%),B:1163.3(2.95%),P:1e-27	Tpos:99.7,Tstd:51.9,Bpos:95.5,Bstd:60.1,StrandBias:-0.1,Multiplicity:1.17
0.520	0.139	0.179	0.162
0.002	0.139	0.766	0.093
0.147	0.171	0.552	0.130
0.115	0.092	0.725	0.068
0.123	0.685	0.089	0.103
0.031	0.047	0.815	0.107
0.087	0.104	0.720	0.089
0.671	0.119	0.129	0.081
0.113	0.045	0.778	0.064
0.074	0.711	0.123	0.092
>AGCGGATTTG	16-AGCGGATTTG	6.534807	-62.281951	0	T:895.0(9.26%),B:2521.5(6.39%),P:1e-27	Tpos:102.3,Tstd:56.1,Bpos:100.8,Bstd:63.2,StrandBias:0.0,Multiplicity:1.03
0.838	0.040	0.060	0.062
0.095	0.052	0.776	0.077
0.098	0.726	0.060	0.116
0.092	0.065	0.744	0.099
0.031	0.103	0.824	0.042
0.848	0.054	0.056	0.042
0.071	0.054	0.064	0.811
0.054	0.068	0.098	0.780
0.087	0.034	0.027	0.852
0.066	0.070	0.802	0.062
>CCTKCCTCTC	17-CCTKCCTCTC	7.824038	-58.028437	0	T:1126.0(11.65%),B:3365.2(8.53%),P:1e-25	Tpos:98.0,Tstd:54.7,Bpos:100.1,Bstd:61.0,StrandBias:-0.0,Multiplicity:1.09
0.250	0.640	0.093	0.017
0.223	0.673	0.048	0.056
0.264	0.206	0.085	0.445
0.001	0.045	0.493	0.461
0.001	0.981	0.001	0.017
0.045	0.953	0.001	0.001
0.078	0.001	0.017	0.904
0.001	0.942	0.056	0.001
0.001	0.195	0.001	0.803
0.016	0.750	0.001	0.233
>CTCTAGAGAG	18-CTCTAGAGAG	7.165526	-53.561335	0	T:475.0(4.92%),B:1189.8(3.01%),P:1e-23	Tpos:103.2,Tstd:55.2,Bpos:99.7,Bstd:59.6,StrandBias:0.0,Multiplicity:1.02
0.054	0.835	0.066	0.045
0.079	0.062	0.066	0.793
0.071	0.815	0.044	0.070
0.047	0.093	0.091	0.769
0.809	0.017	0.097	0.077
0.075	0.060	0.826	0.039
0.821	0.061	0.100	0.018
0.044	0.054	0.880	0.022
0.764	0.048	0.132	0.056
0.102	0.140	0.693	0.065
>GGGGGGGGGG	19-GGGGGGGGGG	5.845014	-48.809355	0	T:1129.0(11.68%),B:3474.7(8.80%),P:1e-21	Tpos:98.7,Tstd:54.9,Bpos:96.8,Bstd:54.9,StrandBias:0.1,Multiplicity:1.27
0.147	0.136	0.590	0.127
0.144	0.138	0.599	0.119
0.145	0.139	0.608	0.108
0.147	0.134	0.605	0.114
0.147	0.124	0.611	0.118
0.145	0.127	0.611	0.117
0.142	0.137	0.602	0.119
0.139	0.136	0.604	0.121
0.147	0.137	0.587	0.129
0.147	0.138	0.585	0.130
>ATTGTTGGCT	20-ATTGTTGGCT	11.876907	-29.910164	0	T:37.0(0.38%),B:33.9(0.09%),P:1e-12	Tpos:95.8,Tstd:46.6,Bpos:102.9,Bstd:41.5,StrandBias:-0.6,Multiplicity:1.00
0.997	0.001	0.001	0.001
0.001	0.001	0.001	0.997
0.001	0.001	0.001	0.997
0.001	0.001	0.997	0.001
0.141	0.301	0.001	0.557
0.001	0.001	0.001	0.997
0.001	0.001	0.997	0.001
0.001	0.001	0.997	0.001
0.001	0.997	0.001	0.001
0.001	0.001	0.001	0.997
>GGWTCGAAAC	21-GGWTCGAAAC	11.022867	-28.363339	0	T:17.0(0.18%),B:6.3(0.02%),P:1e-12	Tpos:116.5,Tstd:54.5,Bpos:85.6,Bstd:36.4,StrandBias:-0.5,Multiplicity:1.00
0.001	0.001	0.997	0.001
0.001	0.001	0.801	0.197
0.474	0.001	0.001	0.524
0.001	0.001	0.197	0.801
0.001	0.997	0.001	0.001
0.001	0.001	0.997	0.001
0.720	0.278	0.001	0.001
0.997	0.001	0.001	0.001
0.753	0.001	0.001	0.245
0.001	0.997	0.001	0.001
>AATGCAAATG	22-AATGCAAATG	10.825324	-28.328185	0	T:66.0(0.68%),B:96.3(0.24%),P:1e-12	Tpos:98.2,Tstd:53.6,Bpos:97.3,Bstd:66.7,StrandBias:-0.4,Multiplicity:1.04
0.997	0.001	0.001	0.001
0.915	0.001	0.001	0.083
0.001	0.001	0.001	0.997
0.001	0.001	0.729	0.269
0.001	0.997	0.001	0.001
0.964	0.001	0.034	0.001
0.837	0.001	0.001	0.161
0.997	0.001	0.001	0.001
0.001	0.001	0.001	0.997
0.001	0.001	0.997	0.001
>CCCAGAGGCC	23-CCCAGAGGCC	11.298876	-28.306107	0	T:99.0(1.02%),B:179.4(0.45%),P:1e-12	Tpos:99.4,Tstd:49.2,Bpos:106.8,Bstd:62.7,StrandBias:-0.5,Multiplicity:1.01
0.001	0.997	0.001	0.001
0.001	0.997	0.001	0.001
0.001	0.997	0.001	0.001
0.997	0.001	0.001	0.001
0.001	0.150	0.848	0.001
0.997	0.001	0.001	0.001
0.001	0.001	0.997	0.001
0.001	0.001	0.997	0.001
0.001	0.791	0.115	0.093
0.001	0.997	0.001	0.001
>AGTCTTTGGC	24-AGTCTTTGGC	11.063900	-23.490501	0	T:55.0(0.57%),B:81.6(0.21%),P:1e-10	Tpos:108.3,Tstd:57.6,Bpos:102.9,Bstd:52.9,StrandBias:-0.2,Multiplicity:1.00
0.629	0.038	0.001	0.332
0.001	0.001	0.997	0.001
0.001	0.300	0.001	0.698
0.037	0.961	0.001	0.001
0.001	0.001	0.075	0.923
0.038	0.001	0.328	0.633
0.001	0.155	0.038	0.806
0.001	0.075	0.923	0.001
0.038	0.155	0.806	0.001
0.001	0.961	0.037	0.001
>GCRTTCCGTT	25-GCRTTCCGTT	9.084890	-18.321944	0	T:51.0(0.53%),B:84.1(0.21%),P:1e-7	Tpos:104.2,Tstd:56.8,Bpos:83.1,Bstd:59.7,StrandBias:1.9,Multiplicity:2.07
0.001	0.393	0.605	0.001
0.261	0.737	0.001	0.001
0.571	0.006	0.422	0.001
0.064	0.071	0.129	0.736
0.001	0.001	0.135	0.863
0.064	0.818	0.117	0.001
0.006	0.745	0.248	0.001
0.279	0.001	0.719	0.001
0.064	0.006	0.006	0.924
0.001	0.063	0.001	0.935
>CCACTAGGGGGC	1-CCACTAGGGGGC	8.825251	-346.333116	0	T:396.0(4.10%),B:307.0(0.78%),P:1e-150	Tpos:99.6,Tstd:37.6,Bpos:98.7,Bstd:56.8,StrandBias:0.1,Multiplicity:1.02
0.039	0.897	0.012	0.052
0.012	0.963	0.008	0.017
0.875	0.033	0.051	0.041
0.025	0.865	0.073	0.037
0.133	0.313	0.036	0.518
0.886	0.027	0.046	0.041
0.039	0.012	0.931	0.018
0.313	0.012	0.646	0.029
0.058	0.027	0.729	0.186
0.031	0.021	0.931	0.017
0.017	0.049	0.864	0.070
0.056	0.896	0.017	0.031
>YTGCCAGCTGGC	2-YTGCCAGCTGGC	5.776558	-294.293104	0	T:3429.0(35.49%),B:9667.3(24.49%),P:1e-127	Tpos:99.9,Tstd:51.5,Bpos:99.6,Bstd:66.3,StrandBias:-0.0,Multiplicity:1.31
0.148	0.306	0.182	0.363
0.168	0.024	0.159	0.649
0.040	0.182	0.698	0.080
0.131	0.572	0.237	0.060
0.002	0.996	0.001	0.001
0.826	0.001	0.001	0.172
0.027	0.023	0.872	0.078
0.067	0.902	0.006	0.025
0.191	0.001	0.001	0.807
0.001	0.001	0.959	0.039
0.060	0.304	0.499	0.137
0.123	0.541	0.136	0.200
>AAAAGAGGAAGT	3-AAAAGAGGAAGT	9.038567	-181.311736	0	T:657.0(6.80%),B:1184.6(3.00%),P:1e-78	Tpos:103.3,Tstd:48.9,Bpos:97.3,Bstd:60.2,StrandBias:0.3,Multiplicity:1.06
0.500	0.124	0.305	0.071
0.632	0.126	0.151	0.091
0.892	0.062	0.045	0.001
0.715	0.001	0.152	0.132
0.223	0.299	0.456	0.023
0.767	0.013	0.219	0.001
0.090	0.001	0.908	0.001
0.001	0.001	0.997	0.001
0.979	0.016	0.004	0.001
0.995	0.001	0.001	0.003
0.237	0.167	0.581	0.015
0.012	0.240	0.065	0.683
>NTGCTAATTARH	4-NTGCTAATTARH	5.840846	-155.414252	0	T:2585.0(26.75%),B:7673.1(19.44%),P:1e-67	Tpos:100.0,Tstd:54.6,Bpos:100.9,Bstd:61.4,StrandBias:-0.0,Multiplicity:1.28
0.326	0.221	0.191	0.262
0.118	0.001	0.074	0.807
0.056	0.081	0.669	0.194
0.085	0.609	0.083	0.223
0.195	0.089	0.003	0.713
0.750	0.093	0.093	0.064
0.916	0.001	0.003	0.080
0.084	0.033	0.048	0.835
0.075	0.066	0.126	0.733
0.755	0.001	0.101	0.143
0.435	0.055	0.445	0.065
0.354	0.225	0.182	0.240
>TGGCAGCCAGCC	5-TGGCAGCCAGCC	5.851768	-142.997343	0	T:3231.0(33.44%),B:10180.9(25.80%),P:1e-62	Tpos:101.9,Tstd:53.2,Bpos:101.0,Bstd:65.6,StrandBias:0.0,Multiplicity:1.22
0.402	0.004	0.028	0.566
0.105	0.008	0.857	0.030
0.090	0.214	0.639	0.057
0.180	0.699	0.109	0.012
0.683	0.050	0.009	0.258
0.154	0.065	0.678	0.103
0.232	0.440	0.252	0.075
0.055	0.733	0.148	0.064
0.690	0.057	0.003	0.250
0.139	0.039	0.789	0.033
0.151	0.609	0.126	0.114
0.236	0.600	0.018	0.146
>NTTCCCYWGGGA	6-NTTCCCYWGGGA	6.882612	-138.807927	0	T:1766.0(18.28%),B:4906.0(12.43%),P:1e-60	Tpos:101.9,Tstd:52.4,Bpos:99.1,Bstd:60.3,StrandBias:0.1,Multiplicity:1.10
0.223	0.296	0.167	0.314
0.195	0.250	0.074	0.481
0.057	0.306	0.107	0.530
0.001	0.890	0.001	0.108
0.001	0.922	0.001	0.076
0.174	0.590	0.001	0.235
0.217	0.387	0.063	0.333
0.362	0.001	0.211	0.425
0.001	0.001	0.997	0.001
0.309	0.001	0.500	0.190
0.001	0.001	0.997	0.001
0.507	0.058	0.308	0.127
>AGAGCAGCTGCT	7-AGAGCAGCTGCT	6.451484	-109.368197	0	T:1852.0(19.17%),B:5450.3(13.81%),P:1e-47	Tpos:99.4,Tstd:53.0,Bpos:101.1,Bstd:66.9,StrandBias:0.1,Multiplicity:1.08
0.736	0.034	0.115	0.115
0.118	0.158	0.686	0.038
0.829	0.016	0.046	0.109
0.114	0.042	0.770	0.074
0.141	0.684	0.125	0.050
0.800	0.028	0.045	0.127
0.072	0.069	0.736	0.123
0.140	0.683	0.113	0.064
0.150	0.019	0.033	0.798
0.021	0.100	0.796	0.083
0.092	0.719	0.067	0.122
0.118	0.063	0.051	0.768
>NACAGGAAGTGN	8-NACAGGAAGTGN	6.654904	-95.782992	0	T:716.0(7.41%),B:1706.2(4.32%),P:1e-41	Tpos:103.2,Tstd:52.8,Bpos:97.3,Bstd:60.0,StrandBias:-0.0,Multiplicity:1.04
0.249	0.247	0.300	0.204
0.615	0.126	0.133	0.126
0.155	0.599	0.145	0.101
0.712	0.070	0.086	0.132
0.129	0.066	0.676	0.129
0.151	0.126	0.613	0.110
0.644	0.148	0.135	0.073
0.671	0.070	0.124	0.135
0.149	0.126	0.599	0.126
0.155	0.082	0.141	0.622
0.134	0.120	0.620	0.126
0.328	0.220	0.232	0.220
>TGCCAGGAAATA	9-TGCCAGGAAATA	6.983859	-81.524172	0	T:1245.0(12.88%),B:3563.3(9.03%),P:1e-35	Tpos:100.5,Tstd:53.8,Bpos:101.0,Bstd:62.7,StrandBias:0.1,Multiplicity:1.07
0.114	0.042	0.080	0.764
0.086	0.076	0.725	0.113
0.106	0.717	0.092	0.085
0.096	0.788	0.046	0.070
0.798	0.043	0.044	0.115
0.103	0.019	0.807	0.071
0.096	0.076	0.752	0.076
0.803	0.060	0.078	0.059
0.761	0.073	0.080	0.086
0.705	0.108	0.094	0.093
0.105	0.108	0.103	0.684
0.695	0.088	0.111	0.106
>GTTGCCATGGCA	10-GTTGCCATGGCA	1.985463	-78.657217	0	T:370.0(3.83%),B:747.9(1.90%),P:1e-34	Tpos:101.4,Tstd:53.1,Bpos:101.0,Bstd:63.7,StrandBias:0.1,Multiplicity:1.04
0.001	0.001	0.997	0.001
0.001	0.001	0.001	0.997
0.001	0.001	0.001	0.997
0.001	0.001	0.637	0.361
0.001	0.997	0.001	0.001
0.001	0.997	0.001	0.001
0.997	0.001	0.001	0.001
0.060	0.001	0.060	0.879
0.001	0.001	0.997	0.001
0.001	0.001	0.997	0.001
0.300	0.698	0.001	0.001
0.997	0.001	0.001	0.001
>AGGGGGAGGGGC	11-AGGGGGAGGGGC	9.828254	-74.930013	0	T:409.0(4.23%),B:875.4(2.22%),P:1e-32	Tpos:98.9,Tstd:53.5,Bpos:94.2,Bstd:57.7,StrandBias:0.0,Multiplicity:1.17
0.774	0.101	0.003	0.122
0.198	0.020	0.776	0.006
0.097	0.001	0.807	0.095
0.074	0.001	0.924	0.001
0.001	0.001	0.997	0.001
0.085	0.022	0.892	0.001
0.524	0.369	0.001	0.106
0.071	0.001	0.927	0.001
0.001	0.001	0.933	0.065
0.093	0.001	0.897	0.009
0.001	0.022	0.968	0.009
0.082	0.578	0.116	0.224
>GCAAATGACTCA	12-GCAAATGACTCA	7.070062	-73.522692	0	T:736.0(7.62%),B:1904.8(4.83%),P:1e-31	Tpos:97.1,Tstd:55.2,Bpos:98.8,Bstd:62.7,StrandBias:0.0,Multiplicity:1.06
0.133	0.095	0.679	0.093
0.123	0.690	0.112	0.075
0.816	0.087	0.040	0.057
0.725	0.103	0.088	0.084
0.763	0.075	0.084	0.078
0.082	0.026	0.091	0.801
0.078	0.075	0.768	0.079
0.728	0.076	0.094	0.102
0.100	0.702	0.098	0.100
0.109	0.077	0.047	0.767
0.090	0.747	0.085	0.078
0.815	0.081	0.027	0.077
>CAGBCTYTGGCA	13-CAGBCTYTGGCA	7.626305	-57.427611	0	T:361.0(3.74%),B:813.9(2.06%),P:1e-24	Tpos:99.0,Tstd:52.0,Bpos:97.3,Bstd:64.5,StrandBias:0.1,Multiplicity:1.02
0.258	0.493	0.226	0.024
0.545	0.014	0.070	0.371
0.077	0.028	0.694	0.201
0.115	0.382	0.265	0.238
0.184	0.481	0.139	0.196
0.034	0.289	0.019	0.658
0.075	0.285	0.215	0.424
0.031	0.048	0.167	0.754
0.092	0.025	0.852	0.031
0.185	0.207	0.421	0.186
0.285	0.596	0.038	0.081
0.480	0.275	0.015	0.230
>GCTTTTGTTCTC	14-GCTTTTGTTCTC	9.158074	-54.030611	0	T:304.0(3.15%),B:659.7(1.67%),P:1e-23	Tpos:95.5,Tstd:54.1,Bpos:99.1,Bstd:61.4,StrandBias:0.3,Multiplicity:1.02
0.049	0.079	0.766	0.106
0.029	0.829	0.074	0.068
0.046	0.094	0.034	0.826
0.034	0.031	0.058	0.877
0.010	0.057	0.061	0.872
0.033	0.027	0.029	0.911
0.058	0.086	0.785	0.071
0.063	0.084	0.020	0.833
0.041	0.050	0.064	0.845
0.029	0.803	0.050	0.118
0.039	0.070	0.005	0.886
0.065	0.771	0.101	0.063
>TGTTTATTCAGC	15-TGTTTATTCAGC	8.975221	-48.370203	0	T:277.0(2.87%),B:605.1(1.53%),P:1e-21	Tpos:99.9,Tstd:53.8,Bpos:104.3,Bstd:60.8,StrandBias:0.1,Multiplicity:1.01
0.065	0.006	0.041	0.888
0.111	0.026	0.795	0.068
0.045	0.057	0.042	0.856
0.048	0.018	0.088	0.846
0.073	0.043	0.018	0.866
0.768	0.073	0.077	0.082
0.041	0.097	0.024	0.838
0.069	0.062	0.053	0.816
0.038	0.850	0.053	0.059
0.868	0.030	0.012	0.090
0.049	0.036	0.851	0.064
0.065	0.762	0.057	0.116
>ATGAATTATTHA	16-ATGAATTATTHA	9.185856	-47.899220	0	T:89.0(0.92%),B:109.6(0.28%),P:1e-20	Tpos:102.5,Tstd:54.0,Bpos:101.6,Bstd:67.8,StrandBias:0.2,Multiplicity:1.00
0.453	0.266	0.086	0.195
0.260	0.015	0.032	0.693
0.037	0.052	0.644	0.267
0.548	0.247	0.025	0.180
0.701	0.029	0.226	0.044
0.042	0.027	0.192	0.739
0.327	0.163	0.024	0.487
0.713	0.219	0.026	0.042
0.046	0.035	0.155	0.764
0.040	0.209	0.041	0.710
0.311	0.321	0.121	0.247
0.740	0.181	0.029	0.050
>GGWTCGAATCCG	17-GGWTCGAATCCG	10.906592	-43.702921	0	T:20.0(0.21%),B:4.7(0.01%),P:1e-18	Tpos:115.2,Tstd:61.7,Bpos:70.9,Bstd:42.8,StrandBias:0.3,Multiplicity:1.00
0.001	0.001	0.997	0.001
0.064	0.064	0.808	0.064
0.443	0.001	0.001	0.555
0.001	0.001	0.002	0.996
0.001	0.678	0.128	0.193
0.064	0.001	0.807	0.128
0.870	0.128	0.001	0.001
0.997	0.001	0.001	0.001
0.003	0.379	0.064	0.554
0.001	0.997	0.001	0.001
0.001	0.997	0.001	0.001
0.064	0.089	0.775	0.072
>TGCTGAGTCATC	18-TGCTGAGTCATC	12.970603	-42.568641	0	T:16.0(0.17%),B:2.2(0.01%),P:1e-18	Tpos:103.7,Tstd:54.3,Bpos:32.9,Bstd:17.8,StrandBias:-1.0,Multiplicity:1.60
0.001	0.001	0.001	0.997
0.001	0.001	0.868	0.130
0.001	0.997	0.001	0.001
0.001	0.001	0.001	0.997
0.130	0.001	0.739	0.130
0.739	0.001	0.130	0.130
0.001	0.001	0.997	0.001
0.001	0.001	0.130	0.868
0.001	0.868	0.001	0.130
0.997	0.001	0.001	0.001
0.001	0.073	0.001	0.925
0.001	0.997	0.001	0.001
>TAGCTCAGTRGG	19-TAGCTCAGTRGG	12.691957	-40.681998	0	T:19.0(0.20%),B:4.2(0.01%),P:1e-17	Tpos:85.7,Tstd:42.5,Bpos:120.0,Bstd:60.9,StrandBias:0.3,Multiplicity:1.00
0.080	0.001	0.273	0.646
0.967	0.001	0.001	0.031
0.079	0.001	0.919	0.001
0.001	0.997	0.001	0.001
0.001	0.001	0.001	0.997
0.001	0.997	0.001	0.001
0.997	0.001	0.001	0.001
0.001	0.001	0.997	0.001
0.001	0.160	0.001	0.838
0.321	0.120	0.466	0.093
0.079	0.001	0.919	0.001
0.001	0.001	0.726	0.272
>TATTCAATGCCT	20-TATTCAATGCCT	12.462334	-40.362560	0	T:26.0(0.27%),B:10.8(0.03%),P:1e-17	Tpos:100.4,Tstd:61.2,Bpos:101.1,Bstd:57.1,StrandBias:0.3,Multiplicity:1.00
0.001	0.001	0.001	0.997
0.852	0.001	0.043	0.104
0.103	0.001	0.001	0.895
0.042	0.001	0.001	0.956
0.043	0.913	0.043	0.001
0.997	0.001	0.001	0.001
0.701	0.001	0.255	0.043
0.001	0.001	0.042	0.956
0.001	0.043	0.852	0.104
0.001	0.997	0.001	0.001
0.001	0.997	0.001	0.001
0.043	0.043	0.043	0.871
>GCCAATCAGCGG	21-GCCAATCAGCGG	9.158447	-35.005758	0	T:127.0(1.31%),B:232.6(0.59%),P:1e-15	Tpos:91.9,Tstd:50.9,Bpos:92.0,Bstd:61.4,StrandBias:0.1,Multiplicity:1.04
0.064	0.023	0.856	0.057
0.011	0.932	0.023	0.034
0.079	0.909	0.011	0.001
0.887	0.045	0.023	0.045
0.818	0.091	0.057	0.034
0.079	0.057	0.045	0.819
0.045	0.891	0.041	0.023
0.868	0.045	0.076	0.011
0.034	0.045	0.898	0.023
0.190	0.548	0.137	0.125
0.107	0.045	0.757	0.091
0.079	0.051	0.824	0.046
>AAGACGGACAGT	22-AAGACGGACAGT	8.246744	-28.596176	0	T:16.0(0.17%),B:5.6(0.01%),P:1e-12	Tpos:88.7,Tstd:43.3,Bpos:103.6,Bstd:55.3,StrandBias:0.0,Multiplicity:1.00
0.502	0.180	0.209	0.109
0.687	0.010	0.177	0.126
0.191	0.200	0.506	0.103
0.641	0.013	0.172	0.174
0.146	0.508	0.154	0.192
0.152	0.121	0.445	0.282
0.149	0.209	0.524	0.118
0.549	0.125	0.150	0.176
0.189	0.559	0.117	0.135
0.781	0.009	0.007	0.203
0.177	0.104	0.528	0.191
0.128	0.214	0.124	0.534
>TACATCGTCAGA	23-TACATCGTCAGA	11.359650	-18.631620	0	T:11.0(0.11%),B:4.1(0.01%),P:1e-8	Tpos:109.7,Tstd:55.8,Bpos:119.9,Bstd:44.2,StrandBias:0.0,Multiplicity:1.20
0.033	0.001	0.067	0.899
0.826	0.070	0.034	0.070
0.034	0.897	0.002	0.067
0.898	0.034	0.034	0.034
0.034	0.101	0.067	0.798
0.104	0.556	0.169	0.171
0.101	0.171	0.692	0.036
0.001	0.033	0.135	0.831
0.070	0.862	0.067	0.001
0.965	0.001	0.001	0.033
0.066	0.001	0.932	0.001
0.865	0.033	0.101	0.001
>AATGGAATGGAA	24-AATGGAATGGAA	10.721753	-17.035627	0	T:33.0(0.34%),B:44.2(0.11%),P:1e-7	Tpos:101.8,Tstd:55.3,Bpos:84.9,Bstd:48.8,StrandBias:-2.5,Multiplicity:1.73
0.977	0.011	0.011	0.001
0.878	0.001	0.093	0.028
0.048	0.012	0.012	0.928
0.019	0.012	0.941	0.028
0.048	0.048	0.903	0.001
0.977	0.011	0.011	0.001
0.960	0.001	0.011	0.028
0.001	0.028	0.028	0.943
0.001	0.011	0.981	0.007
0.020	0.028	0.940	0.012
0.940	0.048	0.001	0.011
0.951	0.001	0.001	0.047
>CCCTTGACCTCC	25-CCCTTGACCTCC	10.692463	-5.513944	0	T:6.0(0.06%),B:6.7(0.02%),P:1e-2	Tpos:120.4,Tstd:45.5,Bpos:112.7,Bstd:32.4,StrandBias:-1.2,Multiplicity:2.17
0.001	0.997	0.001	0.001
0.001	0.946	0.001	0.052
0.001	0.997	0.001	0.001
0.001	0.001	0.001	0.997
0.001	0.001	0.001	0.997
0.001	0.001	0.997	0.001
0.997	0.001	0.001	0.001
0.001	0.997	0.001	0.001
0.001	0.997	0.001	0.001
0.001	0.052	0.001	0.946
0.001	0.997	0.001	0.001
0.001	0.997	0.001	0.001
>CAGCTGGY	1-CAGCTGGY	6.307880	-360.168934	0	T:3025.0(31.30%),B:7824.8(19.83%),P:1e-156	Tpos:100.4,Tstd:51.7,Bpos:101.2,Bstd:66.4,StrandBias:-0.0,Multiplicity:1.24
0.033	0.965	0.001	0.001
0.822	0.001	0.001	0.176
0.049	0.001	0.581	0.369
0.207	0.655	0.001	0.137
0.139	0.001	0.101	0.759
0.001	0.001	0.961	0.037
0.121	0.245	0.433	0.201
0.139	0.420	0.001	0.440
>CTGSCARV	2-CTGSCARV	4.644031	-318.091734	0	T:2781.0(28.78%),B:7224.7(18.30%),P:1e-138	Tpos:101.5,Tstd:52.1,Bpos:100.5,Bstd:65.8,StrandBias:-0.0,Multiplicity:1.18
0.001	0.652	0.001	0.346
0.001	0.001	0.001	0.997
0.001	0.001	0.997	0.001
0.021	0.464	0.514	0.001
0.001	0.997	0.001	0.001
0.997	0.001	0.001	0.001
0.465	0.001	0.533	0.001
0.220	0.278	0.334	0.168
>TTGNCAGC	3-TTGNCAGC	3.951262	-286.552040	0	T:5120.0(52.99%),B:16171.9(40.97%),P:1e-124	Tpos:102.1,Tstd:55.9,Bpos:100.6,Bstd:66.1,StrandBias:-0.0,Multiplicity:1.21
0.185	0.202	0.193	0.420
0.310	0.089	0.059	0.542
0.135	0.194	0.472	0.199
0.299	0.224	0.287	0.189
0.183	0.610	0.126	0.081
0.535	0.048	0.201	0.216
0.206	0.040	0.606	0.148
0.120	0.606	0.207	0.067
>AGGAAGTG	4-AGGAAGTG	6.037987	-205.393980	0	T:2519.0(26.07%),B:7040.4(17.84%),P:1e-89	Tpos:101.5,Tstd:53.6,Bpos:98.5,Bstd:62.1,StrandBias:0.0,Multiplicity:1.18
0.833	0.061	0.080	0.026
0.001	0.002	0.996	0.001
0.001	0.001	0.997	0.001
0.997	0.001	0.001	0.001
0.985	0.001	0.001	0.013
0.140	0.064	0.783	0.013
0.001	0.012	0.027	0.960
0.143	0.087	0.673	0.097
>MACAGCAG	5-MACAGCAG	4.625120	-196.705473	0	T:3588.0(37.13%),B:11014.1(27.91%),P:1e-85	Tpos:99.7,Tstd:55.3,Bpos:100.0,Bstd:66.8,StrandBias:0.0,Multiplicity:1.20
0.418	0.333	0.167	0.083
0.519	0.112	0.163	0.206
0.170	0.674	0.057	0.099
0.713	0.082	0.109	0.096
0.187	0.083	0.653	0.077
0.122	0.460	0.237	0.181
0.457	0.206	0.164	0.173
0.265	0.110	0.461	0.164
>NYTAATTA	6-NYTAATTA	5.537806	-195.353410	0	T:2530.0(26.18%),B:7153.2(18.12%),P:1e-84	Tpos:100.0,Tstd:54.7,Bpos:100.0,Bstd:62.2,StrandBias:0.0,Multiplicity:1.33
0.327	0.187	0.257	0.229
0.001	0.430	0.126	0.443
0.001	0.057	0.001	0.941
0.872	0.066	0.061	0.001
0.997	0.001	0.001	0.001
0.001	0.001	0.001	0.997
0.001	0.176	0.098	0.725
0.854	0.025	0.120	0.001
>SKAAACAG	7-SKAAACAG	5.808201	-170.372137	0	T:3399.0(35.18%),B:10545.0(26.72%),P:1e-73	Tpos:99.3,Tstd:56.9,Bpos:99.6,Bstd:62.5,StrandBias:-0.0,Multiplicity:1.17
0.172	0.369	0.434	0.025
0.205	0.102	0.307	0.386
0.646	0.001	0.352	0.001
0.997	0.001	0.001	0.001
0.635	0.181	0.183	0.001
0.001	0.606	0.001	0.392
0.766	0.079	0.154	0.001
0.247	0.001	0.751	0.001
>CCAGAGGG	8-CCAGAGGG	4.857075	-151.266943	0	T:4471.0(46.27%),B:14877.6(37.70%),P:1e-65	Tpos:100.0,Tstd:54.2,Bpos:99.8,Bstd:61.4,StrandBias:0.0,Multiplicity:1.28
0.059	0.816	0.055	0.070
0.031	0.837	0.039	0.093
0.731	0.128	0.054	0.087
0.085	0.206	0.559	0.150
0.750	0.075	0.064	0.111
0.086	0.097	0.717	0.100
0.107	0.063	0.769	0.061
0.073	0.041	0.824	0.062
>MGTTGCCA	9-MGTTGCCA	6.311515	-150.030395	0	T:1533.0(15.86%),B:4032.7(10.22%),P:1e-65	Tpos:101.2,Tstd:55.2,Bpos:100.5,Bstd:60.4,StrandBias:-0.1,Multiplicity:1.05
0.414	0.453	0.132	0.001
0.038	0.334	0.627	0.001
0.002	0.025	0.032	0.941
0.001	0.001	0.131	0.867
0.089	0.059	0.778	0.074
0.002	0.668	0.241	0.089
0.001	0.869	0.001	0.129
0.924	0.001	0.001	0.074
>CTGTCAGT	10-CTGTCAGT	4.952916	-142.468589	0	T:2931.0(30.33%),B:9063.6(22.96%),P:1e-61	Tpos:100.4,Tstd:55.5,Bpos:98.3,Bstd:64.0,StrandBias:0.0,Multiplicity:1.16
0.178	0.762	0.030	0.030
0.059	0.039	0.001	0.901
0.001	0.001	0.933	0.065
0.133	0.001	0.001	0.865
0.001	0.982	0.001	0.016
0.939	0.001	0.059	0.001
0.054	0.076	0.817	0.053
0.092	0.052	0.001	0.855
>GCCAATMR	11-GCCAATMR	5.739074	-141.155442	0	T:2226.0(23.04%),B:6504.4(16.48%),P:1e-61	Tpos:100.6,Tstd:54.8,Bpos:98.2,Bstd:63.1,StrandBias:-0.0,Multiplicity:1.15
0.139	0.001	0.859	0.001
0.001	0.732	0.104	0.163
0.099	0.899	0.001	0.001
0.997	0.001	0.001	0.001
0.525	0.001	0.316	0.158
0.091	0.123	0.128	0.658
0.321	0.370	0.118	0.191
0.450	0.073	0.476	0.001
>GCCTTTGT	12-GCCTTTGT	5.617113	-136.861389	0	T:3026.0(31.32%),B:9473.9(24.00%),P:1e-59	Tpos:99.5,Tstd:55.0,Bpos:98.6,Bstd:62.7,StrandBias:-0.1,Multiplicity:1.21
0.011	0.159	0.652	0.178
0.019	0.704	0.206	0.071
0.115	0.671	0.065	0.149
0.129	0.031	0.030	0.810
0.035	0.114	0.097	0.754
0.032	0.037	0.027	0.904
0.050	0.074	0.757	0.119
0.095	0.032	0.123	0.750
>TATTCAGC	13-TATTCAGC	5.036184	-132.433242	0	T:4413.0(45.67%),B:14865.5(37.66%),P:1e-57	Tpos:99.3,Tstd:56.0,Bpos:100.3,Bstd:65.2,StrandBias:0.0,Multiplicity:1.17
0.246	0.180	0.168	0.407
0.997	0.001	0.001	0.001
0.134	0.001	0.114	0.751
0.175	0.001	0.209	0.615
0.170	0.811	0.001	0.018
0.652	0.001	0.118	0.229
0.001	0.001	0.941	0.057
0.061	0.823	0.001	0.115
>GCATTAAT	14-GCATTAAT	4.706374	-113.888608	0	T:3269.0(33.83%),B:10642.0(26.96%),P:1e-49	Tpos:99.3,Tstd:56.8,Bpos:99.7,Bstd:64.1,StrandBias:-0.1,Multiplicity:1.20
0.053	0.047	0.885	0.015
0.091	0.561	0.240	0.108
0.588	0.067	0.148	0.197
0.068	0.069	0.190	0.673
0.150	0.093	0.120	0.637
0.492	0.195	0.162	0.150
0.555	0.053	0.160	0.232
0.175	0.136	0.081	0.608
>AAGCGGAA	15-AAGCGGAA	5.100642	-112.833030	0	T:2709.0(28.03%),B:8541.6(21.64%),P:1e-49	Tpos:99.9,Tstd:55.5,Bpos:99.7,Bstd:63.0,StrandBias:-0.1,Multiplicity:1.15
0.596	0.146	0.123	0.135
0.826	0.085	0.047	0.042
0.053	0.117	0.761	0.069
0.102	0.697	0.086	0.115
0.064	0.094	0.795	0.047
0.070	0.030	0.811	0.089
0.783	0.122	0.022	0.073
0.739	0.125	0.053	0.083
>CGCAGAGC	16-CGCAGAGC	4.744516	-107.574290	0	T:4278.0(44.27%),B:14643.2(37.10%),P:1e-46	Tpos:99.4,Tstd:56.7,Bpos:100.6,Bstd:66.5,StrandBias:0.0,Multiplicity:1.35
0.189	0.506	0.001	0.304
0.047	0.068	0.829	0.056
0.001	0.918	0.011	0.070
0.623	0.028	0.180	0.169
0.128	0.104	0.606	0.162
0.474	0.270	0.088	0.168
0.001	0.001	0.801	0.197
0.001	0.783	0.001	0.215
>WTAATGCA	17-WTAATGCA	5.837886	-68.572886	0	T:2690.0(27.84%),B:9015.6(22.84%),P:1e-29	Tpos:97.8,Tstd:57.6,Bpos:99.4,Bstd:64.7,StrandBias:0.1,Multiplicity:1.09
0.376	0.113	0.001	0.510
0.001	0.001	0.403	0.595
0.515	0.001	0.192	0.292
0.961	0.037	0.001	0.001
0.015	0.001	0.001	0.983
0.001	0.001	0.789	0.209
0.001	0.997	0.001	0.001
0.768	0.001	0.091	0.140
>GGGGGGGG	18-GGGGGGGG	5.364941	-67.731336	0	T:2502.0(25.89%),B:8312.3(21.06%),P:1e-29	Tpos:99.3,Tstd:54.9,Bpos:97.4,Bstd:57.8,StrandBias:0.0,Multiplicity:1.49
0.200	0.070	0.690	0.040
0.160	0.067	0.749	0.024
0.141	0.101	0.752	0.006
0.113	0.058	0.806	0.023
0.105	0.073	0.810	0.012
0.061	0.071	0.822	0.046
0.165	0.104	0.667	0.064
0.100	0.133	0.704	0.063
>TGAGTCAK	19-TGAGTCAK	6.716348	-65.282845	0	T:1297.0(13.42%),B:3898.0(9.88%),P:1e-28	Tpos:100.3,Tstd:54.0,Bpos:98.2,Bstd:62.6,StrandBias:0.0,Multiplicity:1.09
0.117	0.161	0.001	0.721
0.001	0.001	0.997	0.001
0.747	0.161	0.001	0.091
0.001	0.300	0.621	0.078
0.001	0.001	0.001	0.997
0.001	0.997	0.001	0.001
0.997	0.001	0.001	0.001
0.001	0.236	0.313	0.451
>CRCGTGRH	20-CRCGTGRH	4.610276	-64.869214	0	T:879.0(9.10%),B:2445.6(6.20%),P:1e-28	Tpos:102.5,Tstd:52.7,Bpos:98.6,Bstd:60.5,StrandBias:-0.1,Multiplicity:1.05
0.188	0.547	0.051	0.214
0.375	0.214	0.403	0.009
0.132	0.568	0.025	0.275
0.349	0.001	0.649	0.001
0.036	0.234	0.222	0.508
0.158	0.208	0.501	0.133
0.573	0.001	0.425	0.001
0.237	0.294	0.134	0.335
>ATGCAAAT	21-ATGCAAAT	7.264093	-64.648306	0	T:872.0(9.02%),B:2423.8(6.14%),P:1e-28	Tpos:98.2,Tstd:56.3,Bpos:100.9,Bstd:62.6,StrandBias:0.0,Multiplicity:1.11
0.831	0.024	0.029	0.116
0.001	0.001	0.021	0.977
0.018	0.024	0.827	0.131
0.001	0.861	0.001	0.137
0.889	0.012	0.020	0.079
0.950	0.001	0.001	0.048
0.886	0.013	0.018	0.083
0.001	0.001	0.001	0.997
>GCGTGCTA	22-GCGTGCTA	6.022502	-48.983473	0	T:554.0(5.73%),B:1477.5(3.74%),P:1e-21	Tpos:102.3,Tstd:58.1,Bpos:101.6,Bstd:63.8,StrandBias:-0.1,Multiplicity:1.02
0.030	0.049	0.920	0.001
0.071	0.907	0.001	0.021
0.068	0.054	0.811	0.067
0.071	0.047	0.039	0.843
0.063	0.036	0.818	0.083
0.001	0.811	0.020	0.168
0.001	0.001	0.001	0.997
0.975	0.023	0.001	0.001
>RTGACGTC	23-RTGACGTC	7.581486	-38.277180	0	T:215.0(2.22%),B:468.7(1.19%),P:1e-16	Tpos:99.6,Tstd:51.1,Bpos:98.9,Bstd:63.8,StrandBias:-0.0,Multiplicity:1.02
0.395	0.131	0.472	0.001
0.001	0.001	0.001	0.997
0.001	0.001	0.651	0.347
0.997	0.001	0.001	0.001
0.001	0.997	0.001	0.001
0.001	0.001	0.997	0.001
0.232	0.001	0.246	0.521
0.001	0.643	0.001	0.355
>CAGCCAAG	24-CAGCCAAG	9.625399	-33.820015	0	T:263.0(2.72%),B:637.9(1.62%),P:1e-14	Tpos:103.2,Tstd:55.6,Bpos:99.8,Bstd:68.9,StrandBias:0.1,Multiplicity:1.02
0.001	0.997	0.001	0.001
0.997	0.001	0.001	0.001
0.001	0.001	0.997	0.001
0.001	0.997	0.001	0.001
0.001	0.762	0.236	0.001
0.997	0.001	0.001	0.001
0.997	0.001	0.001	0.001
0.001	0.001	0.997	0.001
>GCCGGAAC	25-GCCGGAAC	7.984732	-29.120535	0	T:154.0(1.59%),B:330.4(0.84%),P:1e-12	Tpos:95.0,Tstd:55.0,Bpos:96.0,Bstd:60.1,StrandBias:0.2,Multiplicity:1.02
0.216	0.001	0.691	0.092
0.001	0.997	0.001	0.001
0.001	0.875	0.123	0.001
0.001	0.001	0.997	0.001
0.071	0.290	0.507	0.132
0.997	0.001	0.001	0.001
0.620	0.001	0.001	0.378
0.001	0.682	0.316	0.001
