>CAGCTGGY	1-CAGCTGGY	6.307880	-360.168934	0	T:3025.0(31.30%),B:7824.8(19.83%),P:1e-156	Tpos:100.4,Tstd:51.7,Bpos:101.2,Bstd:66.4,StrandBias:-0.0,Multiplicity:1.24
0.033	0.965	0.001	0.001
0.822	0.001	0.001	0.176
0.049	0.001	0.581	0.369
0.207	0.655	0.001	0.137
0.139	0.001	0.101	0.759
0.001	0.001	0.961	0.037
0.121	0.245	0.433	0.201
0.139	0.420	0.001	0.440
>CTGSCARV	2-CTGSCARV	4.644031	-318.091734	0	T:2781.0(28.78%),B:7224.7(18.30%),P:1e-138	Tpos:101.5,Tstd:52.1,Bpos:100.5,Bstd:65.8,StrandBias:-0.0,Multiplicity:1.18
0.001	0.652	0.001	0.346
0.001	0.001	0.001	0.997
0.001	0.001	0.997	0.001
0.021	0.464	0.514	0.001
0.001	0.997	0.001	0.001
0.997	0.001	0.001	0.001
0.465	0.001	0.533	0.001
0.220	0.278	0.334	0.168
>TTGNCAGC	3-TTGNCAGC	3.951262	-286.552040	0	T:5120.0(52.99%),B:16171.9(40.97%),P:1e-124	Tpos:102.1,Tstd:55.9,Bpos:100.6,Bstd:66.1,StrandBias:-0.0,Multiplicity:1.21
0.185	0.202	0.193	0.420
0.310	0.089	0.059	0.542
0.135	0.194	0.472	0.199
0.299	0.224	0.287	0.189
0.183	0.610	0.126	0.081
0.535	0.048	0.201	0.216
0.206	0.040	0.606	0.148
0.120	0.606	0.207	0.067
>AGGAAGTG	4-AGGAAGTG	6.037987	-205.393980	0	T:2519.0(26.07%),B:7040.4(17.84%),P:1e-89	Tpos:101.5,Tstd:53.6,Bpos:98.5,Bstd:62.1,StrandBias:0.0,Multiplicity:1.18
0.833	0.061	0.080	0.026
0.001	0.002	0.996	0.001
0.001	0.001	0.997	0.001
0.997	0.001	0.001	0.001
0.985	0.001	0.001	0.013
0.140	0.064	0.783	0.013
0.001	0.012	0.027	0.960
0.143	0.087	0.673	0.097
>MACAGCAG	5-MACAGCAG	4.625120	-196.705473	0	T:3588.0(37.13%),B:11014.1(27.91%),P:1e-85	Tpos:99.7,Tstd:55.3,Bpos:100.0,Bstd:66.8,StrandBias:0.0,Multiplicity:1.20
0.418	0.333	0.167	0.083
0.519	0.112	0.163	0.206
0.170	0.674	0.057	0.099
0.713	0.082	0.109	0.096
0.187	0.083	0.653	0.077
0.122	0.460	0.237	0.181
0.457	0.206	0.164	0.173
0.265	0.110	0.461	0.164
>NYTAATTA	6-NYTAATTA	5.537806	-195.353410	0	T:2530.0(26.18%),B:7153.2(18.12%),P:1e-84	Tpos:100.0,Tstd:54.7,Bpos:100.0,Bstd:62.2,StrandBias:0.0,Multiplicity:1.33
0.327	0.187	0.257	0.229
0.001	0.430	0.126	0.443
0.001	0.057	0.001	0.941
0.872	0.066	0.061	0.001
0.997	0.001	0.001	0.001
0.001	0.001	0.001	0.997
0.001	0.176	0.098	0.725
0.854	0.025	0.120	0.001
>SKAAACAG	7-SKAAACAG	5.808201	-170.372137	0	T:3399.0(35.18%),B:10545.0(26.72%),P:1e-73	Tpos:99.3,Tstd:56.9,Bpos:99.6,Bstd:62.5,StrandBias:-0.0,Multiplicity:1.17
0.172	0.369	0.434	0.025
0.205	0.102	0.307	0.386
0.646	0.001	0.352	0.001
0.997	0.001	0.001	0.001
0.635	0.181	0.183	0.001
0.001	0.606	0.001	0.392
0.766	0.079	0.154	0.001
0.247	0.001	0.751	0.001
>CCAGAGGG	8-CCAGAGGG	4.857075	-151.266943	0	T:4471.0(46.27%),B:14877.6(37.70%),P:1e-65	Tpos:100.0,Tstd:54.2,Bpos:99.8,Bstd:61.4,StrandBias:0.0,Multiplicity:1.28
0.059	0.816	0.055	0.070
0.031	0.837	0.039	0.093
0.731	0.128	0.054	0.087
0.085	0.206	0.559	0.150
0.750	0.075	0.064	0.111
0.086	0.097	0.717	0.100
0.107	0.063	0.769	0.061
0.073	0.041	0.824	0.062
>MGTTGCCA	9-MGTTGCCA	6.311515	-150.030395	0	T:1533.0(15.86%),B:4032.7(10.22%),P:1e-65	Tpos:101.2,Tstd:55.2,Bpos:100.5,Bstd:60.4,StrandBias:-0.1,Multiplicity:1.05
0.414	0.453	0.132	0.001
0.038	0.334	0.627	0.001
0.002	0.025	0.032	0.941
0.001	0.001	0.131	0.867
0.089	0.059	0.778	0.074
0.002	0.668	0.241	0.089
0.001	0.869	0.001	0.129
0.924	0.001	0.001	0.074
>CTGTCAGT	10-CTGTCAGT	4.952916	-142.468589	0	T:2931.0(30.33%),B:9063.6(22.96%),P:1e-61	Tpos:100.4,Tstd:55.5,Bpos:98.3,Bstd:64.0,StrandBias:0.0,Multiplicity:1.16
0.178	0.762	0.030	0.030
0.059	0.039	0.001	0.901
0.001	0.001	0.933	0.065
0.133	0.001	0.001	0.865
0.001	0.982	0.001	0.016
0.939	0.001	0.059	0.001
0.054	0.076	0.817	0.053
0.092	0.052	0.001	0.855
>GCCAATMR	11-GCCAATMR	5.739074	-141.155442	0	T:2226.0(23.04%),B:6504.4(16.48%),P:1e-61	Tpos:100.6,Tstd:54.8,Bpos:98.2,Bstd:63.1,StrandBias:-0.0,Multiplicity:1.15
0.139	0.001	0.859	0.001
0.001	0.732	0.104	0.163
0.099	0.899	0.001	0.001
0.997	0.001	0.001	0.001
0.525	0.001	0.316	0.158
0.091	0.123	0.128	0.658
0.321	0.370	0.118	0.191
0.450	0.073	0.476	0.001
>GCCTTTGT	12-GCCTTTGT	5.617113	-136.861389	0	T:3026.0(31.32%),B:9473.9(24.00%),P:1e-59	Tpos:99.5,Tstd:55.0,Bpos:98.6,Bstd:62.7,StrandBias:-0.1,Multiplicity:1.21
0.011	0.159	0.652	0.178
0.019	0.704	0.206	0.071
0.115	0.671	0.065	0.149
0.129	0.031	0.030	0.810
0.035	0.114	0.097	0.754
0.032	0.037	0.027	0.904
0.050	0.074	0.757	0.119
0.095	0.032	0.123	0.750
>TATTCAGC	13-TATTCAGC	5.036184	-132.433242	0	T:4413.0(45.67%),B:14865.5(37.66%),P:1e-57	Tpos:99.3,Tstd:56.0,Bpos:100.3,Bstd:65.2,StrandBias:0.0,Multiplicity:1.17
0.246	0.180	0.168	0.407
0.997	0.001	0.001	0.001
0.134	0.001	0.114	0.751
0.175	0.001	0.209	0.615
0.170	0.811	0.001	0.018
0.652	0.001	0.118	0.229
0.001	0.001	0.941	0.057
0.061	0.823	0.001	0.115
>GCATTAAT	14-GCATTAAT	4.706374	-113.888608	0	T:3269.0(33.83%),B:10642.0(26.96%),P:1e-49	Tpos:99.3,Tstd:56.8,Bpos:99.7,Bstd:64.1,StrandBias:-0.1,Multiplicity:1.20
0.053	0.047	0.885	0.015
0.091	0.561	0.240	0.108
0.588	0.067	0.148	0.197
0.068	0.069	0.190	0.673
0.150	0.093	0.120	0.637
0.492	0.195	0.162	0.150
0.555	0.053	0.160	0.232
0.175	0.136	0.081	0.608
>AAGCGGAA	15-AAGCGGAA	5.100642	-112.833030	0	T:2709.0(28.03%),B:8541.6(21.64%),P:1e-49	Tpos:99.9,Tstd:55.5,Bpos:99.7,Bstd:63.0,StrandBias:-0.1,Multiplicity:1.15
0.596	0.146	0.123	0.135
0.826	0.085	0.047	0.042
0.053	0.117	0.761	0.069
0.102	0.697	0.086	0.115
0.064	0.094	0.795	0.047
0.070	0.030	0.811	0.089
0.783	0.122	0.022	0.073
0.739	0.125	0.053	0.083
>CGCAGAGC	16-CGCAGAGC	4.744516	-107.574290	0	T:4278.0(44.27%),B:14643.2(37.10%),P:1e-46	Tpos:99.4,Tstd:56.7,Bpos:100.6,Bstd:66.5,StrandBias:0.0,Multiplicity:1.35
0.189	0.506	0.001	0.304
0.047	0.068	0.829	0.056
0.001	0.918	0.011	0.070
0.623	0.028	0.180	0.169
0.128	0.104	0.606	0.162
0.474	0.270	0.088	0.168
0.001	0.001	0.801	0.197
0.001	0.783	0.001	0.215
>WTAATGCA	17-WTAATGCA	5.837886	-68.572886	0	T:2690.0(27.84%),B:9015.6(22.84%),P:1e-29	Tpos:97.8,Tstd:57.6,Bpos:99.4,Bstd:64.7,StrandBias:0.1,Multiplicity:1.09
0.376	0.113	0.001	0.510
0.001	0.001	0.403	0.595
0.515	0.001	0.192	0.292
0.961	0.037	0.001	0.001
0.015	0.001	0.001	0.983
0.001	0.001	0.789	0.209
0.001	0.997	0.001	0.001
0.768	0.001	0.091	0.140
>GGGGGGGG	18-GGGGGGGG	5.364941	-67.731336	0	T:2502.0(25.89%),B:8312.3(21.06%),P:1e-29	Tpos:99.3,Tstd:54.9,Bpos:97.4,Bstd:57.8,StrandBias:0.0,Multiplicity:1.49
0.200	0.070	0.690	0.040
0.160	0.067	0.749	0.024
0.141	0.101	0.752	0.006
0.113	0.058	0.806	0.023
0.105	0.073	0.810	0.012
0.061	0.071	0.822	0.046
0.165	0.104	0.667	0.064
0.100	0.133	0.704	0.063
>TGAGTCAK	19-TGAGTCAK	6.716348	-65.282845	0	T:1297.0(13.42%),B:3898.0(9.88%),P:1e-28	Tpos:100.3,Tstd:54.0,Bpos:98.2,Bstd:62.6,StrandBias:0.0,Multiplicity:1.09
0.117	0.161	0.001	0.721
0.001	0.001	0.997	0.001
0.747	0.161	0.001	0.091
0.001	0.300	0.621	0.078
0.001	0.001	0.001	0.997
0.001	0.997	0.001	0.001
0.997	0.001	0.001	0.001
0.001	0.236	0.313	0.451
>CRCGTGRH	20-CRCGTGRH	4.610276	-64.869214	0	T:879.0(9.10%),B:2445.6(6.20%),P:1e-28	Tpos:102.5,Tstd:52.7,Bpos:98.6,Bstd:60.5,StrandBias:-0.1,Multiplicity:1.05
0.188	0.547	0.051	0.214
0.375	0.214	0.403	0.009
0.132	0.568	0.025	0.275
0.349	0.001	0.649	0.001
0.036	0.234	0.222	0.508
0.158	0.208	0.501	0.133
0.573	0.001	0.425	0.001
0.237	0.294	0.134	0.335
>ATGCAAAT	21-ATGCAAAT	7.264093	-64.648306	0	T:872.0(9.02%),B:2423.8(6.14%),P:1e-28	Tpos:98.2,Tstd:56.3,Bpos:100.9,Bstd:62.6,StrandBias:0.0,Multiplicity:1.11
0.831	0.024	0.029	0.116
0.001	0.001	0.021	0.977
0.018	0.024	0.827	0.131
0.001	0.861	0.001	0.137
0.889	0.012	0.020	0.079
0.950	0.001	0.001	0.048
0.886	0.013	0.018	0.083
0.001	0.001	0.001	0.997
>GCGTGCTA	22-GCGTGCTA	6.022502	-48.983473	0	T:554.0(5.73%),B:1477.5(3.74%),P:1e-21	Tpos:102.3,Tstd:58.1,Bpos:101.6,Bstd:63.8,StrandBias:-0.1,Multiplicity:1.02
0.030	0.049	0.920	0.001
0.071	0.907	0.001	0.021
0.068	0.054	0.811	0.067
0.071	0.047	0.039	0.843
0.063	0.036	0.818	0.083
0.001	0.811	0.020	0.168
0.001	0.001	0.001	0.997
0.975	0.023	0.001	0.001
>RTGACGTC	23-RTGACGTC	7.581486	-38.277180	0	T:215.0(2.22%),B:468.7(1.19%),P:1e-16	Tpos:99.6,Tstd:51.1,Bpos:98.9,Bstd:63.8,StrandBias:-0.0,Multiplicity:1.02
0.395	0.131	0.472	0.001
0.001	0.001	0.001	0.997
0.001	0.001	0.651	0.347
0.997	0.001	0.001	0.001
0.001	0.997	0.001	0.001
0.001	0.001	0.997	0.001
0.232	0.001	0.246	0.521
0.001	0.643	0.001	0.355
>CAGCCAAG	24-CAGCCAAG	9.625399	-33.820015	0	T:263.0(2.72%),B:637.9(1.62%),P:1e-14	Tpos:103.2,Tstd:55.6,Bpos:99.8,Bstd:68.9,StrandBias:0.1,Multiplicity:1.02
0.001	0.997	0.001	0.001
0.997	0.001	0.001	0.001
0.001	0.001	0.997	0.001
0.001	0.997	0.001	0.001
0.001	0.762	0.236	0.001
0.997	0.001	0.001	0.001
0.997	0.001	0.001	0.001
0.001	0.001	0.997	0.001
>GCCGGAAC	25-GCCGGAAC	7.984732	-29.120535	0	T:154.0(1.59%),B:330.4(0.84%),P:1e-12	Tpos:95.0,Tstd:55.0,Bpos:96.0,Bstd:60.1,StrandBias:0.2,Multiplicity:1.02
0.216	0.001	0.691	0.092
0.001	0.997	0.001	0.001
0.001	0.875	0.123	0.001
0.001	0.001	0.997	0.001
0.071	0.290	0.507	0.132
0.997	0.001	0.001	0.001
0.620	0.001	0.001	0.378
0.001	0.682	0.316	0.001
