>CCAGCTGTTTCCTS	LYL1.Ebox/CAGATGG.bHLH	5.323510	-6.144808	0	T:118.0(56.46%),B:22478.8(46.36%),P:1e-2
0.206	0.439	0.204	0.151
0.147	0.689	0.029	0.134
0.635	0.053	0.049	0.263
0.060	0.127	0.487	0.326
0.132	0.724	0.047	0.097
0.108	0.003	0.010	0.879
0.006	0.178	0.803	0.014
0.010	0.297	0.182	0.511
0.064	0.208	0.221	0.506
0.208	0.221	0.132	0.439
0.047	0.509	0.121	0.324
0.097	0.576	0.112	0.215
0.143	0.188	0.182	0.487
0.121	0.273	0.378	0.228
