>KANGGCTGSAAM	HLTF.HLTF.not_classified	5.314270	-4.979479	0	T:84.0(40.19%),B:15460.3(31.88%),P:1e-2
0.169	0.169	0.322	0.340
0.598	0.047	0.309	0.047
0.291	0.191	0.309	0.209
0.047	0.047	0.553	0.354
0.128	0.047	0.544	0.282
0.282	0.625	0.047	0.047
0.209	0.119	0.047	0.625
0.047	0.119	0.787	0.047
0.047	0.525	0.381	0.047
0.544	0.363	0.047	0.047
0.778	0.047	0.047	0.128
0.485	0.340	0.087	0.087
