>ACTATGACAGCTGTC	TGIF2LX.MEIS.MEIS	4.893910	-5.834405	0	T:74.0(35.41%),B:12865.7(26.53%),P:1e-2
0.535	0.055	0.295	0.115
0.100	0.520	0.040	0.340
0.280	0.160	0.100	0.460
0.460	0.220	0.160	0.160
0.160	0.100	0.040	0.701
0.160	0.040	0.641	0.160
0.881	0.040	0.040	0.040
0.040	0.761	0.040	0.160
0.881	0.040	0.040	0.040
0.100	0.160	0.520	0.220
0.040	0.761	0.040	0.160
0.055	0.055	0.115	0.776
0.115	0.115	0.656	0.115
0.070	0.070	0.130	0.731
0.145	0.686	0.085	0.085
