>TGRGTCTCTTGWAGRCAGCATAYC	ZNF490.ZNF490.C2H2	-7.520940	-4.833162	0	T:76.0(36.36%),B:13797.4(28.45%),P:1e-2
0.038	0.059	0.033	0.870
0.153	0.022	0.767	0.059
0.338	0.015	0.403	0.244
0.045	0.015	0.928	0.013
0.008	0.020	0.033	0.939
0.022	0.625	0.013	0.341
0.006	0.013	0.008	0.974
0.010	0.978	0.008	0.003
0.006	0.054	0.003	0.937
0.006	0.010	0.017	0.967
0.013	0.008	0.971	0.008
0.492	0.029	0.015	0.464
0.957	0.008	0.022	0.013
0.095	0.013	0.841	0.052
0.483	0.006	0.506	0.006
0.008	0.985	0.003	0.003
0.985	0.003	0.008	0.003
0.217	0.003	0.776	0.003
0.008	0.983	0.006	0.003
0.990	0.003	0.003	0.003
0.049	0.081	0.295	0.574
0.962	0.006	0.026	0.006
0.049	0.421	0.010	0.519
0.366	0.526	0.022	0.086
