>MAAAGGRDBCWTTGTT	SOX10.SOX/4.HMG	5.476660	-7.725083	0	T:64.0(30.62%),B:10014.9(20.65%),P:1e-3
0.378	0.400	0.169	0.052
0.880	0.066	0.035	0.019
0.764	0.035	0.122	0.080
0.477	0.035	0.250	0.238
0.323	0.080	0.542	0.054
0.278	0.165	0.499	0.058
0.367	0.212	0.303	0.118
0.291	0.149	0.321	0.238
0.052	0.291	0.402	0.254
0.052	0.791	0.049	0.108
0.503	0.047	0.015	0.436
0.031	0.076	0.039	0.854
0.009	0.025	0.009	0.957
0.056	0.023	0.918	0.003
0.064	0.005	0.015	0.916
0.139	0.183	0.181	0.497
