>NATTAATCACAD	11-NATTAATCACAD	5.402814	-288.593642	0	T:4746.0(19.16%),B:3295.6(13.69%),P:1e-125
0.264	0.250	0.263	0.223
0.628	0.124	0.103	0.145
0.152	0.110	0.121	0.617
0.141	0.121	0.145	0.593
0.606	0.143	0.123	0.128
0.617	0.122	0.114	0.147
0.162	0.103	0.125	0.610
0.123	0.635	0.124	0.118
0.706	0.108	0.055	0.131
0.138	0.635	0.130	0.097
0.722	0.083	0.060	0.135
0.232	0.182	0.367	0.219
