>GCCAATAAATCA	13-GCCAATAAATCA	9.050856	-169.167276	0	T:431.0(1.74%),B:151.2(0.63%),P:1e-73
0.079	0.066	0.769	0.086
0.124	0.710	0.119	0.047
0.073	0.871	0.009	0.047
0.844	0.103	0.001	0.052
0.804	0.052	0.080	0.064
0.080	0.052	0.089	0.779
0.906	0.052	0.028	0.014
0.935	0.028	0.009	0.028
0.815	0.043	0.024	0.118
0.051	0.061	0.063	0.825
0.047	0.840	0.043	0.070
0.901	0.028	0.001	0.070
