>TTGGCCAACTGT	23-TTGGCCAACTGT	11.075991	-86.756488	0	T:81.0(0.33%),B:12.3(0.05%),P:1e-37
0.023	0.001	0.001	0.975
0.282	0.024	0.024	0.670
0.023	0.001	0.975	0.001
0.001	0.023	0.975	0.001
0.001	0.975	0.001	0.023
0.001	0.975	0.001	0.023
0.975	0.001	0.001	0.023
0.975	0.001	0.001	0.023
0.258	0.717	0.024	0.001
0.024	0.001	0.257	0.718
0.024	0.024	0.625	0.327
0.024	0.024	0.048	0.904
