>GTTGGCTAGTGA	21-TCACTAGCCAAC	8.882718	-89.501027	0	T:42.0(0.17%),B:2.2(0.01%),P:1e-38
0.103	0.139	0.620	0.138
0.117	0.131	0.107	0.645
0.099	0.053	0.147	0.701
0.097	0.058	0.719	0.126
0.097	0.135	0.643	0.125
0.116	0.648	0.122	0.114
0.142	0.164	0.089	0.605
0.666	0.054	0.147	0.133
0.109	0.121	0.669	0.101
0.139	0.050	0.128	0.683
0.097	0.099	0.721	0.083
0.677	0.107	0.102	0.114
