>CTGCCAGCTGGC	4-CTGCCAGCTGGC	6.168364	-3178.974634	0	T:12152.0(49.07%),B:6124.4(25.45%),P:1e-1380
0.154	0.488	0.202	0.156
0.239	0.044	0.129	0.588
0.046	0.088	0.776	0.090
0.105	0.555	0.303	0.037
0.026	0.945	0.023	0.006
0.868	0.011	0.006	0.115
0.087	0.050	0.692	0.171
0.162	0.716	0.078	0.044
0.178	0.054	0.006	0.762
0.044	0.065	0.788	0.103
0.040	0.295	0.491	0.174
0.146	0.525	0.143	0.186
