>TTTGGCCCAGAT	19-TTTGGCCCAGAT,BestGuess:RORA.NR/3.nuclearreceptor(0.707)	10.615386	-111.732926	0	T:151.0(0.61%),B:33.0(0.14%),P:1e-48
0.053	0.207	0.044	0.696
0.029	0.063	0.054	0.854
0.036	0.014	0.044	0.906
0.043	0.015	0.880	0.062
0.026	0.060	0.877	0.037
0.033	0.882	0.056	0.029
0.018	0.942	0.011	0.029
0.052	0.889	0.033	0.026
0.910	0.031	0.011	0.048
0.097	0.138	0.747	0.018
0.778	0.064	0.054	0.104
0.076	0.081	0.197	0.646
