>CATGCATATTCC	22-GGAATATGCATG	10.309676	-86.884766	0	T:47.0(0.19%),B:3.9(0.02%),P:1e-37
0.051	0.837	0.056	0.056
0.898	0.023	0.028	0.051
0.045	0.028	0.045	0.882
0.050	0.073	0.771	0.106
0.040	0.854	0.045	0.061
0.859	0.056	0.006	0.079
0.056	0.121	0.056	0.767
0.820	0.034	0.051	0.095
0.066	0.082	0.023	0.829
0.044	0.045	0.051	0.860
0.044	0.827	0.040	0.089
0.097	0.808	0.033	0.062
