>AGTCTTGGCTGC	25-AGTCTTGGCTGC	12.229456	-48.331821	0	T:105.0(0.42%),B:34.4(0.14%),P:1e-20
0.904	0.032	0.032	0.032
0.032	0.032	0.904	0.032
0.092	0.001	0.092	0.815
0.001	0.937	0.031	0.031
0.092	0.031	0.001	0.876
0.031	0.001	0.031	0.937
0.001	0.001	0.907	0.091
0.031	0.031	0.937	0.001
0.001	0.967	0.001	0.031
0.001	0.001	0.031	0.967
0.001	0.001	0.967	0.031
0.031	0.967	0.001	0.001
