>GAAGACAGCCGG	24-GAAGACAGCCGG	10.282140	-58.819805	0	T:68.0(0.27%),B:13.1(0.05%),P:1e-25
0.169	0.057	0.734	0.040
0.707	0.111	0.100	0.082
0.602	0.032	0.243	0.123
0.065	0.110	0.755	0.070
0.679	0.163	0.067	0.091
0.117	0.775	0.079	0.029
0.923	0.009	0.015	0.053
0.034	0.063	0.821	0.082
0.163	0.651	0.123	0.063
0.302	0.561	0.053	0.084
0.144	0.061	0.481	0.314
0.078	0.108	0.701	0.113
