>AGWCCATATGGT	6-AGWCCATATGGT	7.115756	-890.772628	0	T:3034.0(12.25%),B:1275.6(5.30%),P:1e-386
0.647	0.006	0.119	0.228
0.145	0.276	0.478	0.101
0.322	0.081	0.202	0.394
0.067	0.756	0.126	0.051
0.035	0.953	0.001	0.011
0.898	0.044	0.005	0.053
0.104	0.156	0.131	0.609
0.733	0.042	0.147	0.078
0.006	0.001	0.029	0.964
0.023	0.001	0.937	0.039
0.024	0.166	0.701	0.109
0.177	0.199	0.107	0.517
