>CTTGGATAATGA	15-CTTGGATAATGA	9.966718	-144.536004	0	T:156.0(0.63%),B:27.1(0.11%),P:1e-62
0.039	0.759	0.059	0.143
0.019	0.013	0.013	0.955
0.020	0.026	0.032	0.922
0.039	0.026	0.890	0.045
0.052	0.026	0.864	0.058
0.814	0.077	0.032	0.077
0.040	0.120	0.063	0.777
0.791	0.075	0.101	0.033
0.796	0.120	0.039	0.045
0.100	0.052	0.020	0.828
0.114	0.046	0.821	0.019
0.799	0.052	0.103	0.046
