>YGACAGCTCTTT	14-AAAGAGCTGTCR	10.964396	-159.881285	0	T:53.0(0.21%),B:1.9(0.01%),P:1e-69
0.176	0.313	0.165	0.345
0.199	0.231	0.475	0.095
0.742	0.130	0.123	0.005
0.049	0.838	0.108	0.005
0.880	0.001	0.002	0.117
0.001	0.024	0.932	0.043
0.033	0.909	0.008	0.050
0.110	0.074	0.005	0.811
0.062	0.666	0.079	0.193
0.096	0.264	0.001	0.639
0.081	0.102	0.112	0.705
0.011	0.042	0.063	0.884
