>AACAGCTTGTTT	16-AACAGCTTGTTT	8.211836	-142.867278	0	T:1112.0(4.49%),B:633.0(2.63%),P:1e-62
0.721	0.114	0.044	0.121
0.567	0.081	0.310	0.042
0.118	0.727	0.083	0.072
0.919	0.002	0.034	0.045
0.006	0.027	0.929	0.038
0.008	0.866	0.072	0.054
0.154	0.192	0.015	0.639
0.082	0.049	0.005	0.864
0.024	0.250	0.582	0.144
0.097	0.025	0.062	0.816
0.030	0.053	0.285	0.632
0.047	0.025	0.181	0.747
