>TCACTAGCCAAC	21-TCACTAGCCAAC,BestGuess:HMBOX1.HD/25.homeodomain(0.674)	8.882718	-89.501027	0	T:42.0(0.17%),B:2.2(0.01%),P:1e-38
0.114	0.102	0.107	0.677
0.083	0.721	0.099	0.097
0.683	0.128	0.050	0.139
0.101	0.669	0.121	0.109
0.133	0.147	0.054	0.666
0.605	0.089	0.164	0.142
0.114	0.122	0.648	0.116
0.125	0.643	0.135	0.097
0.126	0.719	0.058	0.097
0.701	0.147	0.053	0.099
0.645	0.107	0.131	0.117
0.138	0.620	0.139	0.103
