>TTGTTTGGCCAA	10-TTGTTTGGCCAA	7.058419	-311.298451	0	T:1662.0(6.71%),B:835.3(3.47%),P:1e-135
0.110	0.126	0.116	0.648
0.094	0.065	0.125	0.716
0.112	0.150	0.567	0.171
0.084	0.139	0.084	0.693
0.072	0.140	0.117	0.671
0.087	0.045	0.105	0.763
0.095	0.068	0.667	0.170
0.087	0.150	0.605	0.158
0.133	0.641	0.123	0.103
0.146	0.682	0.065	0.107
0.720	0.129	0.052	0.099
0.630	0.110	0.146	0.114
