>AYTGWCAS	1-AYTGWCAS	5.578088	-95.613794	0	T:554.0(44.97%),B:12595.3(26.88%),P:1e-41	Tpos:99.9,Tstd:54.1,Bpos:99.4,Bstd:66.9,StrandBias:0.0,Multiplicity:1.36
0.483	0.256	0.260	0.001
0.188	0.410	0.061	0.341
0.001	0.062	0.001	0.936
0.137	0.079	0.783	0.001
0.477	0.001	0.012	0.510
0.031	0.896	0.034	0.039
0.917	0.009	0.001	0.073
0.220	0.241	0.379	0.161
>ATGCTAAT	2-ATGCTAAT	5.924196	-85.420670	0	T:378.0(30.68%),B:7490.4(15.98%),P:1e-37	Tpos:101.6,Tstd:54.9,Bpos:98.8,Bstd:69.8,StrandBias:0.3,Multiplicity:1.26
0.751	0.142	0.057	0.050
0.078	0.167	0.111	0.644
0.112	0.068	0.653	0.167
0.049	0.588	0.135	0.228
0.180	0.010	0.052	0.758
0.878	0.025	0.029	0.068
0.854	0.024	0.017	0.105
0.019	0.028	0.075	0.878
>BSCTTTGA	3-BSCTTTGA	6.127957	-85.275598	0	T:580.0(47.08%),B:13914.1(29.69%),P:1e-37	Tpos:104.5,Tstd:54.1,Bpos:100.7,Bstd:64.6,StrandBias:0.1,Multiplicity:1.32
0.001	0.362	0.368	0.269
0.001	0.380	0.432	0.186
0.109	0.889	0.001	0.001
0.089	0.001	0.001	0.909
0.001	0.246	0.201	0.552
0.001	0.001	0.001	0.997
0.059	0.211	0.729	0.001
0.612	0.001	0.035	0.352
>GATTAGCG	4-GATTAGCG	5.257549	-68.138627	0	T:246.0(19.97%),B:4343.6(9.27%),P:1e-29	Tpos:100.4,Tstd:57.3,Bpos:99.6,Bstd:66.2,StrandBias:-0.4,Multiplicity:1.08
0.088	0.174	0.638	0.100
0.814	0.115	0.033	0.038
0.089	0.025	0.024	0.862
0.060	0.024	0.060	0.856
0.805	0.073	0.078	0.044
0.096	0.112	0.648	0.144
0.097	0.718	0.096	0.089
0.120	0.093	0.666	0.121
>CKMATWAW	5-CKMATWAW	5.311001	-65.597576	0	T:365.0(29.63%),B:7846.3(16.74%),P:1e-28	Tpos:101.6,Tstd:56.5,Bpos:100.1,Bstd:70.5,StrandBias:-0.3,Multiplicity:1.11
0.162	0.417	0.177	0.244
0.107	0.163	0.438	0.292
0.306	0.455	0.239	0.001
0.676	0.001	0.322	0.001
0.001	0.052	0.001	0.946
0.289	0.070	0.209	0.432
0.997	0.001	0.001	0.001
0.415	0.180	0.001	0.404
>BGATTAAT	6-BGATTAAT	5.045092	-57.521772	0	T:465.0(37.74%),B:11402.1(24.33%),P:1e-24	Tpos:98.4,Tstd:56.2,Bpos:99.2,Bstd:68.9,StrandBias:-0.0,Multiplicity:1.33
0.103	0.296	0.254	0.348
0.085	0.196	0.668	0.051
0.491	0.244	0.147	0.117
0.161	0.004	0.014	0.821
0.148	0.011	0.015	0.826
0.897	0.032	0.017	0.054
0.726	0.045	0.041	0.188
0.117	0.192	0.124	0.567
>GTAATHAG	7-GTAATHAG	6.218802	-51.643822	0	T:291.0(23.62%),B:6198.8(13.23%),P:1e-22	Tpos:98.0,Tstd:54.0,Bpos:101.0,Bstd:67.5,StrandBias:-0.4,Multiplicity:1.08
0.178	0.004	0.694	0.124
0.001	0.121	0.118	0.760
0.760	0.045	0.105	0.090
0.976	0.001	0.022	0.001
0.001	0.001	0.001	0.997
0.206	0.304	0.139	0.351
0.821	0.019	0.098	0.062
0.022	0.001	0.748	0.229
>GTTAATGA	8-GTTAATGA	6.322685	-47.951898	0	T:285.0(23.13%),B:6176.2(13.18%),P:1e-20	Tpos:105.0,Tstd:56.0,Bpos:98.8,Bstd:65.9,StrandBias:0.2,Multiplicity:1.06
0.031	0.269	0.697	0.003
0.277	0.113	0.001	0.609
0.200	0.001	0.008	0.791
0.966	0.030	0.003	0.001
0.881	0.093	0.025	0.001
0.001	0.116	0.001	0.882
0.077	0.005	0.872	0.046
0.963	0.001	0.001	0.035
>CAGCAGGC	9-CAGCAGGC	6.680108	-46.859296	0	T:341.0(27.68%),B:7945.2(16.95%),P:1e-20	Tpos:97.3,Tstd:58.6,Bpos:100.3,Bstd:70.1,StrandBias:-0.2,Multiplicity:1.16
0.034	0.771	0.159	0.036
0.828	0.028	0.056	0.088
0.001	0.001	0.979	0.019
0.001	0.997	0.001	0.001
0.933	0.019	0.001	0.047
0.108	0.023	0.823	0.046
0.001	0.045	0.906	0.048
0.057	0.829	0.074	0.040
>CCTTTTGT	10-CCTTTTGT	7.667826	-46.794810	0	T:132.0(10.71%),B:2021.8(4.31%),P:1e-20	Tpos:104.0,Tstd:55.5,Bpos:101.9,Bstd:61.7,StrandBias:-0.1,Multiplicity:1.03
0.001	0.849	0.001	0.149
0.001	0.997	0.001	0.001
0.001	0.001	0.001	0.997
0.289	0.001	0.001	0.709
0.001	0.001	0.001	0.997
0.001	0.001	0.001	0.997
0.135	0.001	0.863	0.001
0.001	0.001	0.001	0.997
>CCCCAGGG	11-CCCCAGGG	5.653759	-44.632012	0	T:403.0(32.71%),B:10055.6(21.46%),P:1e-19	Tpos:100.5,Tstd:54.6,Bpos:98.8,Bstd:63.5,StrandBias:0.1,Multiplicity:1.25
0.027	0.971	0.001	0.001
0.082	0.810	0.001	0.107
0.037	0.872	0.025	0.066
0.038	0.960	0.001	0.001
0.936	0.001	0.001	0.062
0.045	0.001	0.953	0.001
0.037	0.039	0.887	0.037
0.069	0.094	0.836	0.001
>GCATTTCA	12-GCATTTCA	7.075000	-34.336796	0	T:187.0(15.18%),B:3882.9(8.29%),P:1e-14	Tpos:106.6,Tstd:53.5,Bpos:100.6,Bstd:68.3,StrandBias:0.0,Multiplicity:1.04
0.001	0.055	0.906	0.038
0.001	0.839	0.159	0.001
0.808	0.001	0.014	0.177
0.039	0.001	0.025	0.935
0.001	0.098	0.001	0.900
0.036	0.031	0.001	0.932
0.001	0.954	0.044	0.001
0.851	0.088	0.001	0.060
>TCTCCCTT	13-TCTCCCTT	7.352437	-26.173771	0	T:158.0(12.82%),B:3398.7(7.25%),P:1e-11	Tpos:93.1,Tstd:59.0,Bpos:101.2,Bstd:63.1,StrandBias:-0.2,Multiplicity:1.06
0.001	0.179	0.001	0.819
0.104	0.894	0.001	0.001
0.001	0.001	0.001	0.997
0.001	0.997	0.001	0.001
0.001	0.997	0.001	0.001
0.001	0.997	0.001	0.001
0.001	0.151	0.001	0.847
0.001	0.001	0.001	0.997
>GGGGGGGG	14-GGGGGGGG	7.617569	-25.679116	0	T:219.0(17.78%),B:5260.3(11.22%),P:1e-11	Tpos:98.3,Tstd:59.5,Bpos:97.8,Bstd:62.3,StrandBias:0.1,Multiplicity:1.21
0.014	0.001	0.955	0.030
0.045	0.001	0.860	0.094
0.102	0.001	0.806	0.091
0.164	0.001	0.803	0.032
0.143	0.001	0.783	0.073
0.116	0.001	0.865	0.018
0.035	0.001	0.963	0.001
0.038	0.001	0.960	0.001
>ACGCTGCG	15-ACGCTGCG	6.669577	-23.097876	0	T:94.0(7.63%),B:1736.1(3.70%),P:1e-10	Tpos:93.1,Tstd:58.6,Bpos:97.5,Bstd:71.2,StrandBias:0.1,Multiplicity:1.03
0.902	0.048	0.021	0.029
0.168	0.808	0.001	0.023
0.120	0.010	0.869	0.001
0.024	0.933	0.009	0.034
0.095	0.001	0.001	0.903
0.001	0.001	0.997	0.001
0.023	0.833	0.014	0.130
0.088	0.033	0.844	0.035
>YTAGCAAC	16-YTAGCAAC	6.555559	-22.904706	0	T:99.0(8.04%),B:1876.2(4.00%),P:1e-9	Tpos:103.2,Tstd:49.6,Bpos:99.2,Bstd:64.2,StrandBias:0.0,Multiplicity:1.08
0.265	0.301	0.001	0.433
0.001	0.001	0.001	0.997
0.948	0.001	0.050	0.001
0.001	0.001	0.997	0.001
0.001	0.997	0.001	0.001
0.997	0.001	0.001	0.001
0.822	0.001	0.001	0.176
0.001	0.997	0.001	0.001
>TTATGCWG	17-TTATGCWG	3.947659	-19.832447	0	T:86.0(6.98%),B:1637.2(3.49%),P:1e-8	Tpos:89.8,Tstd:55.4,Bpos:97.5,Bstd:67.0,StrandBias:0.3,Multiplicity:1.02
0.001	0.001	0.001	0.997
0.001	0.001	0.001	0.997
0.997	0.001	0.001	0.001
0.001	0.001	0.001	0.997
0.001	0.001	0.805	0.193
0.001	0.997	0.001	0.001
0.422	0.120	0.001	0.457
0.001	0.001	0.997	0.001
>MRCAATTG	18-MRCAATTG	7.026423	-17.690666	0	T:71.0(5.76%),B:1313.1(2.80%),P:1e-7	Tpos:105.4,Tstd:52.0,Bpos:99.0,Bstd:65.6,StrandBias:0.3,Multiplicity:1.07
0.368	0.488	0.143	0.001
0.377	0.151	0.471	0.001
0.001	0.681	0.042	0.276
0.712	0.001	0.073	0.214
0.914	0.001	0.001	0.084
0.001	0.076	0.001	0.922
0.239	0.006	0.010	0.745
0.060	0.122	0.817	0.001
