>YCCCCAGGGA	1-YCCCCAGGGA	6.453072	-97.909312	0	T:393.0(31.90%),B:7511.3(16.03%),P:1e-42	Tpos:101.6,Tstd:56.5,Bpos:100.3,Bstd:63.0,StrandBias:-0.0,Multiplicity:1.16
0.120	0.419	0.086	0.375
0.004	0.817	0.026	0.153
0.149	0.619	0.001	0.231
0.272	0.457	0.050	0.222
0.077	0.534	0.232	0.157
0.640	0.001	0.182	0.177
0.001	0.001	0.963	0.035
0.112	0.001	0.886	0.001
0.065	0.119	0.808	0.008
0.892	0.021	0.052	0.035
>VRCTGACAGC	2-VRCTGACAGC	6.631004	-86.030011	0	T:306.0(24.84%),B:5432.2(11.59%),P:1e-37	Tpos:100.5,Tstd:55.3,Bpos:99.5,Bstd:67.2,StrandBias:0.0,Multiplicity:1.15
0.304	0.245	0.331	0.120
0.356	0.178	0.278	0.188
0.141	0.588	0.078	0.193
0.001	0.001	0.001	0.997
0.001	0.001	0.997	0.001
0.624	0.001	0.001	0.374
0.001	0.997	0.001	0.001
0.997	0.001	0.001	0.001
0.021	0.047	0.931	0.001
0.029	0.501	0.308	0.162
>ATGCTAATTA	3-ATGCTAATTA	6.862723	-83.812871	0	T:209.0(16.96%),B:3010.9(6.43%),P:1e-36	Tpos:98.2,Tstd:55.5,Bpos:97.7,Bstd:69.1,StrandBias:0.2,Multiplicity:1.11
0.754	0.113	0.082	0.051
0.080	0.041	0.110	0.769
0.044	0.064	0.827	0.065
0.038	0.783	0.109	0.070
0.051	0.106	0.063	0.780
0.805	0.065	0.060	0.070
0.829	0.035	0.061	0.075
0.048	0.027	0.027	0.898
0.073	0.061	0.112	0.754
0.806	0.088	0.055	0.051
>GGGCTTTGTT	4-GGGCTTTGTT	7.092110	-76.686887	0	T:234.0(18.99%),B:3794.0(8.10%),P:1e-33	Tpos:107.2,Tstd:53.8,Bpos:100.3,Bstd:63.0,StrandBias:0.1,Multiplicity:1.10
0.172	0.117	0.563	0.148
0.061	0.288	0.442	0.209
0.001	0.304	0.480	0.215
0.025	0.921	0.053	0.001
0.075	0.001	0.001	0.923
0.001	0.053	0.103	0.843
0.001	0.001	0.009	0.989
0.057	0.031	0.889	0.023
0.188	0.073	0.001	0.738
0.023	0.297	0.214	0.466
>WTGAMAKGMA	5-WTGAMAKGMA	6.140983	-63.643776	0	T:411.0(33.36%),B:9357.0(19.97%),P:1e-27	Tpos:99.3,Tstd:56.0,Bpos:100.1,Bstd:66.0,StrandBias:0.0,Multiplicity:1.24
0.368	0.007	0.180	0.445
0.001	0.010	0.002	0.987
0.082	0.292	0.545	0.081
0.717	0.001	0.001	0.281
0.450	0.476	0.024	0.049
0.847	0.001	0.151	0.001
0.160	0.164	0.302	0.375
0.001	0.258	0.620	0.121
0.400	0.472	0.128	0.001
0.490	0.239	0.090	0.180
>AGGGGATTAA	6-AGGGGATTAA	6.683853	-54.229225	0	T:216.0(17.53%),B:3967.4(8.47%),P:1e-23	Tpos:98.2,Tstd:56.6,Bpos:100.2,Bstd:64.9,StrandBias:0.1,Multiplicity:1.08
0.758	0.075	0.074	0.093
0.079	0.058	0.814	0.049
0.095	0.053	0.819	0.033
0.070	0.028	0.832	0.070
0.075	0.051	0.802	0.072
0.833	0.081	0.044	0.042
0.065	0.040	0.093	0.802
0.076	0.061	0.050	0.813
0.800	0.054	0.061	0.085
0.730	0.062	0.085	0.123
>ATGCAAATCG	7-ATGCAAATCG	6.434282	-51.999776	0	T:191.0(15.50%),B:3369.3(7.19%),P:1e-22	Tpos:103.4,Tstd:50.7,Bpos:101.0,Bstd:67.3,StrandBias:0.2,Multiplicity:1.09
0.838	0.106	0.045	0.011
0.027	0.059	0.055	0.859
0.099	0.027	0.837	0.037
0.057	0.833	0.056	0.054
0.889	0.024	0.035	0.052
0.822	0.025	0.082	0.071
0.754	0.047	0.107	0.092
0.061	0.059	0.092	0.788
0.109	0.676	0.113	0.102
0.055	0.110	0.710	0.125
>CATGCATAAT	8-CATGCATAAT	6.685779	-45.844022	0	T:206.0(16.72%),B:3977.3(8.49%),P:1e-19	Tpos:102.5,Tstd:55.3,Bpos:101.0,Bstd:68.5,StrandBias:-0.2,Multiplicity:1.11
0.134	0.490	0.106	0.270
0.491	0.230	0.211	0.068
0.119	0.021	0.048	0.812
0.032	0.036	0.757	0.175
0.079	0.715	0.149	0.057
0.950	0.014	0.024	0.012
0.045	0.016	0.184	0.755
0.676	0.040	0.066	0.218
0.925	0.020	0.037	0.018
0.127	0.051	0.044	0.778
>CCTCATTAAT	9-CCTCATTAAT	4.677097	-44.471176	0	T:596.0(48.38%),B:16721.6(35.68%),P:1e-19	Tpos:99.6,Tstd:53.3,Bpos:99.7,Bstd:67.4,StrandBias:-0.0,Multiplicity:1.40
0.103	0.648	0.116	0.133
0.136	0.689	0.072	0.103
0.097	0.103	0.108	0.692
0.108	0.668	0.112	0.112
0.693	0.089	0.095	0.123
0.074	0.099	0.097	0.730
0.078	0.086	0.084	0.752
0.721	0.087	0.094	0.098
0.714	0.095	0.085	0.106
0.106	0.106	0.094	0.694
>GATAAGCCGC	10-GATAAGCCGC	6.588382	-38.154606	0	T:130.0(10.55%),B:2200.4(4.70%),P:1e-16	Tpos:100.2,Tstd:56.4,Bpos:101.5,Bstd:64.7,StrandBias:-0.6,Multiplicity:1.04
0.136	0.001	0.795	0.068
0.844	0.093	0.034	0.029
0.034	0.063	0.009	0.894
0.607	0.084	0.136	0.173
0.997	0.001	0.001	0.001
0.020	0.050	0.906	0.024
0.029	0.924	0.018	0.029
0.090	0.510	0.167	0.233
0.209	0.125	0.477	0.189
0.145	0.692	0.080	0.083
>GTTGCCATGG	11-GTTGCCATGG	9.449540	-37.809847	0	T:37.0(3.00%),B:239.5(0.51%),P:1e-16	Tpos:117.0,Tstd:44.8,Bpos:99.4,Bstd:55.3,StrandBias:0.6,Multiplicity:1.08
0.036	0.001	0.962	0.001
0.001	0.018	0.001	0.980
0.001	0.001	0.001	0.997
0.067	0.001	0.851	0.081
0.001	0.931	0.016	0.052
0.001	0.798	0.001	0.200
0.974	0.024	0.001	0.001
0.028	0.001	0.008	0.963
0.049	0.001	0.949	0.001
0.017	0.022	0.960	0.001
>ATGCAAATGG	12-ATGCAAATGG	7.410365	-37.260323	0	T:130.0(10.55%),B:2226.3(4.75%),P:1e-16	Tpos:104.2,Tstd:60.5,Bpos:98.0,Bstd:67.1,StrandBias:-0.4,Multiplicity:1.02
0.722	0.092	0.041	0.145
0.086	0.014	0.051	0.849
0.032	0.062	0.855	0.051
0.091	0.763	0.061	0.085
0.719	0.056	0.065	0.160
0.844	0.062	0.040	0.054
0.804	0.106	0.047	0.043
0.056	0.033	0.101	0.810
0.013	0.001	0.971	0.015
0.104	0.121	0.676	0.099
>GACAATGACA	13-GACAATGACA	7.085264	-37.134653	0	T:105.0(8.52%),B:1610.2(3.44%),P:1e-16	Tpos:108.3,Tstd:52.6,Bpos:98.5,Bstd:66.7,StrandBias:-0.3,Multiplicity:1.03
0.056	0.057	0.843	0.044
0.795	0.052	0.087	0.066
0.050	0.771	0.067	0.112
0.764	0.065	0.096	0.075
0.818	0.063	0.070	0.049
0.035	0.069	0.079	0.817
0.023	0.083	0.790	0.104
0.823	0.051	0.027	0.099
0.084	0.795	0.080	0.041
0.787	0.085	0.088	0.040
>GCAGCCTTTC	14-GCAGCCTTTC	6.905053	-36.944556	0	T:181.0(14.69%),B:3608.3(7.70%),P:1e-16	Tpos:106.0,Tstd:53.7,Bpos:101.1,Bstd:66.4,StrandBias:0.0,Multiplicity:1.06
0.041	0.054	0.813	0.092
0.056	0.815	0.070	0.059
0.746	0.084	0.074	0.096
0.036	0.053	0.852	0.059
0.046	0.786	0.113	0.055
0.112	0.720	0.088	0.080
0.086	0.076	0.004	0.834
0.054	0.061	0.049	0.836
0.016	0.077	0.066	0.841
0.085	0.761	0.063	0.091
>GATAAAAGGC	15-GATAAAAGGC	6.180420	-35.717849	0	T:134.0(10.88%),B:2376.7(5.07%),P:1e-15	Tpos:104.9,Tstd:60.7,Bpos:100.0,Bstd:61.2,StrandBias:0.6,Multiplicity:1.03
0.202	0.231	0.476	0.091
0.617	0.117	0.083	0.183
0.032	0.159	0.141	0.668
0.557	0.167	0.156	0.120
0.731	0.141	0.020	0.108
0.475	0.078	0.270	0.177
0.681	0.067	0.154	0.098
0.188	0.001	0.774	0.037
0.095	0.186	0.531	0.188
0.022	0.510	0.210	0.258
>CTSWGCTGTG	16-CTSWGCTGTG	8.871592	-31.112100	0	T:86.0(6.98%),B:1305.2(2.79%),P:1e-13	Tpos:105.3,Tstd:60.7,Bpos:97.4,Bstd:67.8,StrandBias:-0.3,Multiplicity:1.07
0.001	0.997	0.001	0.001
0.112	0.150	0.001	0.737
0.022	0.472	0.505	0.001
0.358	0.001	0.218	0.423
0.032	0.070	0.897	0.001
0.065	0.771	0.001	0.163
0.001	0.001	0.001	0.997
0.001	0.045	0.953	0.001
0.050	0.001	0.002	0.947
0.001	0.001	0.954	0.044
>CTGACASAGC	17-CTGACASAGC	7.568977	-28.764923	0	T:164.0(13.31%),B:3457.3(7.38%),P:1e-12	Tpos:99.6,Tstd:52.7,Bpos:100.2,Bstd:67.4,StrandBias:-0.2,Multiplicity:1.15
0.001	0.836	0.034	0.129
0.361	0.043	0.001	0.595
0.001	0.381	0.617	0.001
0.744	0.001	0.109	0.146
0.001	0.664	0.334	0.001
0.770	0.228	0.001	0.001
0.108	0.377	0.514	0.001
0.626	0.001	0.001	0.372
0.001	0.001	0.855	0.143
0.127	0.677	0.001	0.195
>TCTATTATTC	18-TCTATTATTC	7.485330	-28.004880	0	T:76.0(6.17%),B:1144.3(2.44%),P:1e-12	Tpos:93.9,Tstd:62.0,Bpos:99.5,Bstd:62.8,StrandBias:0.3,Multiplicity:1.00
0.037	0.105	0.100	0.758
0.040	0.867	0.068	0.025
0.060	0.038	0.038	0.864
0.770	0.101	0.054	0.075
0.037	0.080	0.013	0.870
0.079	0.052	0.070	0.799
0.776	0.030	0.150	0.044
0.102	0.074	0.043	0.781
0.075	0.095	0.069	0.761
0.071	0.763	0.123	0.043
>GGGGGGGGGG	19-GGGGGGGGGG	7.492475	-23.513150	0	T:156.0(12.66%),B:3464.9(7.39%),P:1e-10	Tpos:98.5,Tstd:59.5,Bpos:96.8,Bstd:63.0,StrandBias:-0.1,Multiplicity:1.19
0.251	0.061	0.539	0.149
0.339	0.011	0.649	0.001
0.297	0.001	0.652	0.050
0.366	0.012	0.621	0.001
0.337	0.001	0.546	0.116
0.280	0.001	0.605	0.114
0.308	0.061	0.618	0.013
0.049	0.065	0.885	0.001
0.372	0.007	0.613	0.008
0.172	0.248	0.579	0.001
>CTGCGCTGCT	20-CTGCGCTGCT	6.958360	-19.417488	0	T:156.0(12.66%),B:3677.7(7.85%),P:1e-8	Tpos:97.9,Tstd:57.4,Bpos:100.3,Bstd:69.1,StrandBias:0.0,Multiplicity:1.12
0.073	0.823	0.065	0.039
0.064	0.081	0.037	0.818
0.077	0.087	0.790	0.046
0.113	0.748	0.071	0.068
0.059	0.104	0.794	0.043
0.013	0.859	0.094	0.034
0.116	0.060	0.067	0.757
0.024	0.041	0.858	0.077
0.097	0.769	0.107	0.027
0.086	0.074	0.049	0.791
>TTRCCGTGKA	21-TTRCCGTGKA	10.143838	-18.122450	0	T:7.0(0.57%),B:10.6(0.02%),P:1e-7	Tpos:65.3,Tstd:44.1,Bpos:103.8,Bstd:38.1,StrandBias:1.3,Multiplicity:1.00
0.001	0.001	0.001	0.997
0.001	0.001	0.001	0.997
0.559	0.001	0.439	0.001
0.020	0.879	0.100	0.001
0.001	0.997	0.001	0.001
0.001	0.001	0.997	0.001
0.001	0.001	0.001	0.997
0.094	0.001	0.904	0.001
0.001	0.001	0.539	0.459
0.904	0.001	0.094	0.001
>TCTGATGTAC	22-TCTGATGTAC	10.296193	-17.560797	0	T:5.0(0.41%),B:3.6(0.01%),P:1e-7	Tpos:106.4,Tstd:70.9,Bpos:94.3,Bstd:64.9,StrandBias:0.6,Multiplicity:1.00
0.100	0.100	0.100	0.700
0.100	0.700	0.100	0.100
0.100	0.100	0.100	0.700
0.100	0.100	0.700	0.100
0.700	0.100	0.100	0.100
0.100	0.100	0.100	0.700
0.100	0.100	0.700	0.100
0.100	0.100	0.100	0.700
0.700	0.100	0.100	0.100
0.100	0.700	0.100	0.100
>TTGAGTCAAT	23-TTGAGTCAAT	8.052320	-15.383590	0	T:39.0(3.17%),B:580.4(1.24%),P:1e-6	Tpos:100.4,Tstd:61.2,Bpos:94.9,Bstd:62.6,StrandBias:0.2,Multiplicity:1.03
0.001	0.028	0.018	0.953
0.048	0.036	0.036	0.880
0.323	0.114	0.562	0.001
0.537	0.282	0.082	0.099
0.139	0.237	0.436	0.189
0.185	0.026	0.046	0.743
0.148	0.518	0.171	0.163
0.760	0.023	0.059	0.158
0.611	0.165	0.001	0.223
0.025	0.036	0.051	0.888
>ATACATATTC	24-ATACATATTC	12.009551	-12.312444	0	T:7.0(0.57%),B:24.9(0.05%),P:1e-5	Tpos:115.4,Tstd:53.0,Bpos:108.2,Bstd:66.9,StrandBias:0.4,Multiplicity:1.00
0.997	0.001	0.001	0.001
0.001	0.001	0.001	0.997
0.997	0.001	0.001	0.001
0.001	0.997	0.001	0.001
0.997	0.001	0.001	0.001
0.001	0.001	0.001	0.997
0.997	0.001	0.001	0.001
0.001	0.001	0.161	0.837
0.001	0.001	0.001	0.997
0.001	0.997	0.001	0.001
>NTGTCAGCTN	25-NTGTCAGCTN	5.418381	-9.752411	0	T:48.0(3.90%),B:989.4(2.11%),P:1e-4	Tpos:99.2,Tstd:51.7,Bpos:95.0,Bstd:69.5,StrandBias:0.6,Multiplicity:1.00
0.232	0.287	0.236	0.245
0.144	0.154	0.133	0.569
0.120	0.154	0.545	0.181
0.173	0.138	0.161	0.528
0.149	0.561	0.173	0.117
0.537	0.158	0.105	0.200
0.117	0.140	0.584	0.159
0.154	0.557	0.131	0.158
0.160	0.137	0.140	0.563
0.232	0.234	0.264	0.269
