>YCCCCAGGGA	1-YCCCCAGGGA	6.453072	-97.909312	0	T:393.0(31.90%),B:7511.3(16.03%),P:1e-42	Tpos:101.6,Tstd:56.5,Bpos:100.3,Bstd:63.0,StrandBias:-0.0,Multiplicity:1.16
0.120	0.419	0.086	0.375
0.004	0.817	0.026	0.153
0.149	0.619	0.001	0.231
0.272	0.457	0.050	0.222
0.077	0.534	0.232	0.157
0.640	0.001	0.182	0.177
0.001	0.001	0.963	0.035
0.112	0.001	0.886	0.001
0.065	0.119	0.808	0.008
0.892	0.021	0.052	0.035
>VRCTGACAGC	2-VRCTGACAGC	6.631004	-86.030011	0	T:306.0(24.84%),B:5432.2(11.59%),P:1e-37	Tpos:100.5,Tstd:55.3,Bpos:99.5,Bstd:67.2,StrandBias:0.0,Multiplicity:1.15
0.304	0.245	0.331	0.120
0.356	0.178	0.278	0.188
0.141	0.588	0.078	0.193
0.001	0.001	0.001	0.997
0.001	0.001	0.997	0.001
0.624	0.001	0.001	0.374
0.001	0.997	0.001	0.001
0.997	0.001	0.001	0.001
0.021	0.047	0.931	0.001
0.029	0.501	0.308	0.162
>ATGCTAATTA	3-ATGCTAATTA	6.862723	-83.812871	0	T:209.0(16.96%),B:3010.9(6.43%),P:1e-36	Tpos:98.2,Tstd:55.5,Bpos:97.7,Bstd:69.1,StrandBias:0.2,Multiplicity:1.11
0.754	0.113	0.082	0.051
0.080	0.041	0.110	0.769
0.044	0.064	0.827	0.065
0.038	0.783	0.109	0.070
0.051	0.106	0.063	0.780
0.805	0.065	0.060	0.070
0.829	0.035	0.061	0.075
0.048	0.027	0.027	0.898
0.073	0.061	0.112	0.754
0.806	0.088	0.055	0.051
>GGGCTTTGTT	4-GGGCTTTGTT	7.092110	-76.686887	0	T:234.0(18.99%),B:3794.0(8.10%),P:1e-33	Tpos:107.2,Tstd:53.8,Bpos:100.3,Bstd:63.0,StrandBias:0.1,Multiplicity:1.10
0.172	0.117	0.563	0.148
0.061	0.288	0.442	0.209
0.001	0.304	0.480	0.215
0.025	0.921	0.053	0.001
0.075	0.001	0.001	0.923
0.001	0.053	0.103	0.843
0.001	0.001	0.009	0.989
0.057	0.031	0.889	0.023
0.188	0.073	0.001	0.738
0.023	0.297	0.214	0.466
>WTGAMAKGMA	5-WTGAMAKGMA	6.140983	-63.643776	0	T:411.0(33.36%),B:9357.0(19.97%),P:1e-27	Tpos:99.3,Tstd:56.0,Bpos:100.1,Bstd:66.0,StrandBias:0.0,Multiplicity:1.24
0.368	0.007	0.180	0.445
0.001	0.010	0.002	0.987
0.082	0.292	0.545	0.081
0.717	0.001	0.001	0.281
0.450	0.476	0.024	0.049
0.847	0.001	0.151	0.001
0.160	0.164	0.302	0.375
0.001	0.258	0.620	0.121
0.400	0.472	0.128	0.001
0.490	0.239	0.090	0.180
>AGGGGATTAA	6-AGGGGATTAA	6.683853	-54.229225	0	T:216.0(17.53%),B:3967.4(8.47%),P:1e-23	Tpos:98.2,Tstd:56.6,Bpos:100.2,Bstd:64.9,StrandBias:0.1,Multiplicity:1.08
0.758	0.075	0.074	0.093
0.079	0.058	0.814	0.049
0.095	0.053	0.819	0.033
0.070	0.028	0.832	0.070
0.075	0.051	0.802	0.072
0.833	0.081	0.044	0.042
0.065	0.040	0.093	0.802
0.076	0.061	0.050	0.813
0.800	0.054	0.061	0.085
0.730	0.062	0.085	0.123
>ATGCAAATCG	7-ATGCAAATCG	6.434282	-51.999776	0	T:191.0(15.50%),B:3369.3(7.19%),P:1e-22	Tpos:103.4,Tstd:50.7,Bpos:101.0,Bstd:67.3,StrandBias:0.2,Multiplicity:1.09
0.838	0.106	0.045	0.011
0.027	0.059	0.055	0.859
0.099	0.027	0.837	0.037
0.057	0.833	0.056	0.054
0.889	0.024	0.035	0.052
0.822	0.025	0.082	0.071
0.754	0.047	0.107	0.092
0.061	0.059	0.092	0.788
0.109	0.676	0.113	0.102
0.055	0.110	0.710	0.125
>CATGCATAAT	8-CATGCATAAT	6.685779	-45.844022	0	T:206.0(16.72%),B:3977.3(8.49%),P:1e-19	Tpos:102.5,Tstd:55.3,Bpos:101.0,Bstd:68.5,StrandBias:-0.2,Multiplicity:1.11
0.134	0.490	0.106	0.270
0.491	0.230	0.211	0.068
0.119	0.021	0.048	0.812
0.032	0.036	0.757	0.175
0.079	0.715	0.149	0.057
0.950	0.014	0.024	0.012
0.045	0.016	0.184	0.755
0.676	0.040	0.066	0.218
0.925	0.020	0.037	0.018
0.127	0.051	0.044	0.778
>CCTCATTAAT	9-CCTCATTAAT	4.677097	-44.471176	0	T:596.0(48.38%),B:16721.6(35.68%),P:1e-19	Tpos:99.6,Tstd:53.3,Bpos:99.7,Bstd:67.4,StrandBias:-0.0,Multiplicity:1.40
0.103	0.648	0.116	0.133
0.136	0.689	0.072	0.103
0.097	0.103	0.108	0.692
0.108	0.668	0.112	0.112
0.693	0.089	0.095	0.123
0.074	0.099	0.097	0.730
0.078	0.086	0.084	0.752
0.721	0.087	0.094	0.098
0.714	0.095	0.085	0.106
0.106	0.106	0.094	0.694
>GATAAGCCGC	10-GATAAGCCGC	6.588382	-38.154606	0	T:130.0(10.55%),B:2200.4(4.70%),P:1e-16	Tpos:100.2,Tstd:56.4,Bpos:101.5,Bstd:64.7,StrandBias:-0.6,Multiplicity:1.04
0.136	0.001	0.795	0.068
0.844	0.093	0.034	0.029
0.034	0.063	0.009	0.894
0.607	0.084	0.136	0.173
0.997	0.001	0.001	0.001
0.020	0.050	0.906	0.024
0.029	0.924	0.018	0.029
0.090	0.510	0.167	0.233
0.209	0.125	0.477	0.189
0.145	0.692	0.080	0.083
>GTTGCCATGG	11-GTTGCCATGG	9.449540	-37.809847	0	T:37.0(3.00%),B:239.5(0.51%),P:1e-16	Tpos:117.0,Tstd:44.8,Bpos:99.4,Bstd:55.3,StrandBias:0.6,Multiplicity:1.08
0.036	0.001	0.962	0.001
0.001	0.018	0.001	0.980
0.001	0.001	0.001	0.997
0.067	0.001	0.851	0.081
0.001	0.931	0.016	0.052
0.001	0.798	0.001	0.200
0.974	0.024	0.001	0.001
0.028	0.001	0.008	0.963
0.049	0.001	0.949	0.001
0.017	0.022	0.960	0.001
>ATGCAAATGG	12-ATGCAAATGG	7.410365	-37.260323	0	T:130.0(10.55%),B:2226.3(4.75%),P:1e-16	Tpos:104.2,Tstd:60.5,Bpos:98.0,Bstd:67.1,StrandBias:-0.4,Multiplicity:1.02
0.722	0.092	0.041	0.145
0.086	0.014	0.051	0.849
0.032	0.062	0.855	0.051
0.091	0.763	0.061	0.085
0.719	0.056	0.065	0.160
0.844	0.062	0.040	0.054
0.804	0.106	0.047	0.043
0.056	0.033	0.101	0.810
0.013	0.001	0.971	0.015
0.104	0.121	0.676	0.099
>GACAATGACA	13-GACAATGACA	7.085264	-37.134653	0	T:105.0(8.52%),B:1610.2(3.44%),P:1e-16	Tpos:108.3,Tstd:52.6,Bpos:98.5,Bstd:66.7,StrandBias:-0.3,Multiplicity:1.03
0.056	0.057	0.843	0.044
0.795	0.052	0.087	0.066
0.050	0.771	0.067	0.112
0.764	0.065	0.096	0.075
0.818	0.063	0.070	0.049
0.035	0.069	0.079	0.817
0.023	0.083	0.790	0.104
0.823	0.051	0.027	0.099
0.084	0.795	0.080	0.041
0.787	0.085	0.088	0.040
>GCAGCCTTTC	14-GCAGCCTTTC	6.905053	-36.944556	0	T:181.0(14.69%),B:3608.3(7.70%),P:1e-16	Tpos:106.0,Tstd:53.7,Bpos:101.1,Bstd:66.4,StrandBias:0.0,Multiplicity:1.06
0.041	0.054	0.813	0.092
0.056	0.815	0.070	0.059
0.746	0.084	0.074	0.096
0.036	0.053	0.852	0.059
0.046	0.786	0.113	0.055
0.112	0.720	0.088	0.080
0.086	0.076	0.004	0.834
0.054	0.061	0.049	0.836
0.016	0.077	0.066	0.841
0.085	0.761	0.063	0.091
>GATAAAAGGC	15-GATAAAAGGC	6.180420	-35.717849	0	T:134.0(10.88%),B:2376.7(5.07%),P:1e-15	Tpos:104.9,Tstd:60.7,Bpos:100.0,Bstd:61.2,StrandBias:0.6,Multiplicity:1.03
0.202	0.231	0.476	0.091
0.617	0.117	0.083	0.183
0.032	0.159	0.141	0.668
0.557	0.167	0.156	0.120
0.731	0.141	0.020	0.108
0.475	0.078	0.270	0.177
0.681	0.067	0.154	0.098
0.188	0.001	0.774	0.037
0.095	0.186	0.531	0.188
0.022	0.510	0.210	0.258
>CTSWGCTGTG	16-CTSWGCTGTG	8.871592	-31.112100	0	T:86.0(6.98%),B:1305.2(2.79%),P:1e-13	Tpos:105.3,Tstd:60.7,Bpos:97.4,Bstd:67.8,StrandBias:-0.3,Multiplicity:1.07
0.001	0.997	0.001	0.001
0.112	0.150	0.001	0.737
0.022	0.472	0.505	0.001
0.358	0.001	0.218	0.423
0.032	0.070	0.897	0.001
0.065	0.771	0.001	0.163
0.001	0.001	0.001	0.997
0.001	0.045	0.953	0.001
0.050	0.001	0.002	0.947
0.001	0.001	0.954	0.044
>CTGACASAGC	17-CTGACASAGC	7.568977	-28.764923	0	T:164.0(13.31%),B:3457.3(7.38%),P:1e-12	Tpos:99.6,Tstd:52.7,Bpos:100.2,Bstd:67.4,StrandBias:-0.2,Multiplicity:1.15
0.001	0.836	0.034	0.129
0.361	0.043	0.001	0.595
0.001	0.381	0.617	0.001
0.744	0.001	0.109	0.146
0.001	0.664	0.334	0.001
0.770	0.228	0.001	0.001
0.108	0.377	0.514	0.001
0.626	0.001	0.001	0.372
0.001	0.001	0.855	0.143
0.127	0.677	0.001	0.195
>TCTATTATTC	18-TCTATTATTC	7.485330	-28.004880	0	T:76.0(6.17%),B:1144.3(2.44%),P:1e-12	Tpos:93.9,Tstd:62.0,Bpos:99.5,Bstd:62.8,StrandBias:0.3,Multiplicity:1.00
0.037	0.105	0.100	0.758
0.040	0.867	0.068	0.025
0.060	0.038	0.038	0.864
0.770	0.101	0.054	0.075
0.037	0.080	0.013	0.870
0.079	0.052	0.070	0.799
0.776	0.030	0.150	0.044
0.102	0.074	0.043	0.781
0.075	0.095	0.069	0.761
0.071	0.763	0.123	0.043
>GGGGGGGGGG	19-GGGGGGGGGG	7.492475	-23.513150	0	T:156.0(12.66%),B:3464.9(7.39%),P:1e-10	Tpos:98.5,Tstd:59.5,Bpos:96.8,Bstd:63.0,StrandBias:-0.1,Multiplicity:1.19
0.251	0.061	0.539	0.149
0.339	0.011	0.649	0.001
0.297	0.001	0.652	0.050
0.366	0.012	0.621	0.001
0.337	0.001	0.546	0.116
0.280	0.001	0.605	0.114
0.308	0.061	0.618	0.013
0.049	0.065	0.885	0.001
0.372	0.007	0.613	0.008
0.172	0.248	0.579	0.001
>CTGCGCTGCT	20-CTGCGCTGCT	6.958360	-19.417488	0	T:156.0(12.66%),B:3677.7(7.85%),P:1e-8	Tpos:97.9,Tstd:57.4,Bpos:100.3,Bstd:69.1,StrandBias:0.0,Multiplicity:1.12
0.073	0.823	0.065	0.039
0.064	0.081	0.037	0.818
0.077	0.087	0.790	0.046
0.113	0.748	0.071	0.068
0.059	0.104	0.794	0.043
0.013	0.859	0.094	0.034
0.116	0.060	0.067	0.757
0.024	0.041	0.858	0.077
0.097	0.769	0.107	0.027
0.086	0.074	0.049	0.791
>TTRCCGTGKA	21-TTRCCGTGKA	10.143838	-18.122450	0	T:7.0(0.57%),B:10.6(0.02%),P:1e-7	Tpos:65.3,Tstd:44.1,Bpos:103.8,Bstd:38.1,StrandBias:1.3,Multiplicity:1.00
0.001	0.001	0.001	0.997
0.001	0.001	0.001	0.997
0.559	0.001	0.439	0.001
0.020	0.879	0.100	0.001
0.001	0.997	0.001	0.001
0.001	0.001	0.997	0.001
0.001	0.001	0.001	0.997
0.094	0.001	0.904	0.001
0.001	0.001	0.539	0.459
0.904	0.001	0.094	0.001
>TCTGATGTAC	22-TCTGATGTAC	10.296193	-17.560797	0	T:5.0(0.41%),B:3.6(0.01%),P:1e-7	Tpos:106.4,Tstd:70.9,Bpos:94.3,Bstd:64.9,StrandBias:0.6,Multiplicity:1.00
0.100	0.100	0.100	0.700
0.100	0.700	0.100	0.100
0.100	0.100	0.100	0.700
0.100	0.100	0.700	0.100
0.700	0.100	0.100	0.100
0.100	0.100	0.100	0.700
0.100	0.100	0.700	0.100
0.100	0.100	0.100	0.700
0.700	0.100	0.100	0.100
0.100	0.700	0.100	0.100
>TTGAGTCAAT	23-TTGAGTCAAT	8.052320	-15.383590	0	T:39.0(3.17%),B:580.4(1.24%),P:1e-6	Tpos:100.4,Tstd:61.2,Bpos:94.9,Bstd:62.6,StrandBias:0.2,Multiplicity:1.03
0.001	0.028	0.018	0.953
0.048	0.036	0.036	0.880
0.323	0.114	0.562	0.001
0.537	0.282	0.082	0.099
0.139	0.237	0.436	0.189
0.185	0.026	0.046	0.743
0.148	0.518	0.171	0.163
0.760	0.023	0.059	0.158
0.611	0.165	0.001	0.223
0.025	0.036	0.051	0.888
>ATACATATTC	24-ATACATATTC	12.009551	-12.312444	0	T:7.0(0.57%),B:24.9(0.05%),P:1e-5	Tpos:115.4,Tstd:53.0,Bpos:108.2,Bstd:66.9,StrandBias:0.4,Multiplicity:1.00
0.997	0.001	0.001	0.001
0.001	0.001	0.001	0.997
0.997	0.001	0.001	0.001
0.001	0.997	0.001	0.001
0.997	0.001	0.001	0.001
0.001	0.001	0.001	0.997
0.997	0.001	0.001	0.001
0.001	0.001	0.161	0.837
0.001	0.001	0.001	0.997
0.001	0.997	0.001	0.001
>NTGTCAGCTN	25-NTGTCAGCTN	5.418381	-9.752411	0	T:48.0(3.90%),B:989.4(2.11%),P:1e-4	Tpos:99.2,Tstd:51.7,Bpos:95.0,Bstd:69.5,StrandBias:0.6,Multiplicity:1.00
0.232	0.287	0.236	0.245
0.144	0.154	0.133	0.569
0.120	0.154	0.545	0.181
0.173	0.138	0.161	0.528
0.149	0.561	0.173	0.117
0.537	0.158	0.105	0.200
0.117	0.140	0.584	0.159
0.154	0.557	0.131	0.158
0.160	0.137	0.140	0.563
0.232	0.234	0.264	0.269
>TGAYTGACAGCC	1-TGAYTGACAGCC	5.764872	-93.577314	0	T:500.0(40.58%),B:10926.0(23.31%),P:1e-40	Tpos:99.6,Tstd:53.7,Bpos:99.6,Bstd:65.8,StrandBias:-0.0,Multiplicity:1.28
0.158	0.005	0.067	0.770
0.134	0.251	0.478	0.137
0.570	0.204	0.041	0.185
0.187	0.284	0.128	0.401
0.128	0.031	0.015	0.826
0.193	0.204	0.552	0.051
0.742	0.062	0.026	0.170
0.156	0.784	0.029	0.031
0.861	0.020	0.001	0.118
0.116	0.036	0.735	0.113
0.067	0.725	0.182	0.026
0.229	0.496	0.046	0.228
>NKCATTWRCATD	2-NKCATTWRCATD	7.171458	-81.839467	0	T:240.0(19.48%),B:3814.2(8.14%),P:1e-35	Tpos:101.1,Tstd:54.9,Bpos:100.4,Bstd:68.3,StrandBias:-0.3,Multiplicity:1.14
0.156	0.301	0.254	0.290
0.215	0.184	0.235	0.365
0.200	0.445	0.207	0.148
0.844	0.034	0.001	0.121
0.001	0.001	0.001	0.997
0.001	0.228	0.001	0.770
0.524	0.001	0.001	0.474
0.249	0.192	0.359	0.200
0.380	0.538	0.001	0.081
0.973	0.001	0.025	0.001
0.203	0.092	0.180	0.525
0.351	0.154	0.221	0.274
>TTCCCTGGGGGG	3-TTCCCTGGGGGG	5.380566	-59.384189	0	T:478.0(38.80%),B:11737.7(25.05%),P:1e-25	Tpos:102.2,Tstd:55.3,Bpos:99.6,Bstd:62.4,StrandBias:0.1,Multiplicity:1.26
0.118	0.172	0.129	0.581
0.076	0.138	0.153	0.633
0.067	0.697	0.106	0.130
0.090	0.721	0.062	0.127
0.090	0.740	0.060	0.110
0.144	0.094	0.090	0.672
0.084	0.080	0.717	0.119
0.123	0.108	0.638	0.131
0.134	0.079	0.680	0.107
0.140	0.080	0.671	0.109
0.169	0.077	0.646	0.108
0.139	0.147	0.602	0.112
>TAAGGGGATTAA	4-TAAGGGGATTAA	9.820252	-44.295518	0	T:44.0(3.57%),B:287.3(0.61%),P:1e-19	Tpos:103.4,Tstd:60.8,Bpos:102.7,Bstd:71.1,StrandBias:0.8,Multiplicity:1.05
0.001	0.243	0.228	0.528
0.753	0.245	0.001	0.001
0.920	0.001	0.001	0.078
0.143	0.001	0.613	0.243
0.034	0.001	0.964	0.001
0.218	0.001	0.529	0.252
0.100	0.191	0.568	0.141
0.949	0.049	0.001	0.001
0.001	0.001	0.001	0.997
0.001	0.001	0.001	0.997
0.797	0.102	0.001	0.100
0.997	0.001	0.001	0.001
>CTGCAGGTTAAT	5-CTGCAGGTTAAT	6.904984	-43.750992	0	T:191.0(15.50%),B:3637.6(7.76%),P:1e-19	Tpos:94.0,Tstd:56.2,Bpos:101.4,Bstd:66.1,StrandBias:-0.2,Multiplicity:1.14
0.088	0.758	0.068	0.086
0.124	0.013	0.038	0.825
0.061	0.082	0.779	0.078
0.109	0.783	0.067	0.041
0.798	0.037	0.041	0.124
0.113	0.061	0.725	0.101
0.131	0.122	0.628	0.119
0.116	0.078	0.097	0.709
0.098	0.078	0.071	0.753
0.691	0.127	0.086	0.096
0.813	0.031	0.044	0.112
0.104	0.075	0.083	0.738
>GCCTTTCAAATG	6-GCCTTTCAAATG	6.515811	-42.007135	0	T:264.0(21.43%),B:5810.7(12.40%),P:1e-18	Tpos:104.4,Tstd:52.9,Bpos:100.7,Bstd:62.9,StrandBias:0.0,Multiplicity:1.12
0.038	0.196	0.565	0.201
0.001	0.694	0.184	0.121
0.304	0.534	0.010	0.152
0.001	0.001	0.001	0.997
0.091	0.070	0.180	0.659
0.133	0.029	0.097	0.741
0.045	0.604	0.206	0.145
0.652	0.062	0.001	0.285
0.627	0.226	0.088	0.059
0.677	0.075	0.087	0.161
0.001	0.001	0.346	0.652
0.155	0.095	0.686	0.064
>GTTGCCATGGCA	7-GTTGCCATGGCA	10.091866	-41.030767	0	T:29.0(2.35%),B:121.5(0.26%),P:1e-17	Tpos:117.1,Tstd:41.9,Bpos:109.8,Bstd:49.7,StrandBias:0.2,Multiplicity:1.07
0.062	0.074	0.822	0.042
0.038	0.042	0.023	0.897
0.092	0.018	0.001	0.889
0.069	0.062	0.691	0.178
0.023	0.792	0.023	0.162
0.001	0.929	0.001	0.069
0.835	0.056	0.001	0.108
0.052	0.001	0.046	0.901
0.111	0.046	0.842	0.001
0.109	0.023	0.822	0.046
0.105	0.743	0.037	0.115
0.843	0.023	0.016	0.118
>CACARMRGASAG	8-CACARMRGASAG	7.337915	-38.753167	0	T:103.0(8.36%),B:1524.7(3.25%),P:1e-16	Tpos:108.4,Tstd:54.9,Bpos:100.4,Bstd:62.9,StrandBias:-0.0,Multiplicity:1.04
0.247	0.415	0.191	0.147
0.617	0.131	0.030	0.222
0.040	0.882	0.049	0.029
0.707	0.264	0.011	0.018
0.498	0.080	0.398	0.024
0.388	0.264	0.212	0.136
0.456	0.014	0.376	0.153
0.040	0.282	0.562	0.116
0.540	0.142	0.299	0.019
0.030	0.499	0.457	0.013
0.658	0.204	0.110	0.028
0.151	0.230	0.460	0.158
>CCCTTTTATCTC	9-CCCTTTTATCTC	10.810321	-36.430716	0	T:26.0(2.11%),B:111.5(0.24%),P:1e-15	Tpos:106.8,Tstd:56.6,Bpos:99.7,Bstd:66.0,StrandBias:-0.4,Multiplicity:1.00
0.122	0.487	0.097	0.294
0.001	0.780	0.097	0.122
0.001	0.997	0.001	0.001
0.001	0.098	0.001	0.900
0.096	0.001	0.001	0.902
0.001	0.001	0.096	0.902
0.001	0.097	0.215	0.687
0.804	0.001	0.194	0.001
0.001	0.001	0.001	0.997
0.001	0.805	0.097	0.097
0.096	0.001	0.001	0.902
0.001	0.584	0.101	0.314
>CGGCTTTTCATT	10-CGGCTTTTCATT	9.893156	-33.567525	0	T:34.0(2.76%),B:230.7(0.49%),P:1e-14	Tpos:95.7,Tstd:45.0,Bpos:97.1,Bstd:62.4,StrandBias:0.7,Multiplicity:1.00
0.216	0.453	0.162	0.170
0.123	0.040	0.714	0.123
0.001	0.080	0.888	0.031
0.109	0.811	0.040	0.040
0.001	0.001	0.039	0.959
0.040	0.121	0.040	0.799
0.001	0.033	0.040	0.926
0.066	0.001	0.040	0.893
0.001	0.926	0.033	0.040
0.886	0.073	0.040	0.001
0.081	0.081	0.040	0.798
0.039	0.001	0.001	0.959
>TATTAMAAKGCA	11-TATTAMAAKGCA	9.754983	-32.820713	0	T:51.0(4.14%),B:522.8(1.12%),P:1e-14	Tpos:96.7,Tstd:59.8,Bpos:103.1,Bstd:65.7,StrandBias:0.1,Multiplicity:1.03
0.098	0.001	0.001	0.900
0.577	0.175	0.174	0.074
0.208	0.001	0.001	0.790
0.001	0.001	0.001	0.997
0.779	0.219	0.001	0.001
0.547	0.451	0.001	0.001
0.997	0.001	0.001	0.001
0.940	0.001	0.058	0.001
0.091	0.001	0.395	0.513
0.226	0.115	0.602	0.057
0.198	0.688	0.057	0.057
0.714	0.001	0.001	0.284
>ATTAATTATGCA	12-ATTAATTATGCA	8.779467	-31.256713	0	T:65.0(5.28%),B:828.7(1.77%),P:1e-13	Tpos:103.7,Tstd:54.1,Bpos:95.9,Bstd:69.9,StrandBias:0.5,Multiplicity:1.05
0.920	0.043	0.001	0.036
0.064	0.043	0.043	0.850
0.143	0.059	0.083	0.715
0.828	0.082	0.043	0.047
0.811	0.086	0.021	0.082
0.058	0.043	0.043	0.856
0.194	0.001	0.017	0.788
0.808	0.071	0.017	0.104
0.053	0.001	0.068	0.878
0.057	0.039	0.799	0.105
0.082	0.829	0.043	0.046
0.925	0.021	0.021	0.033
>ATTAGAGTGTTG	13-ATTAGAGTGTTG	10.546693	-30.629317	0	T:19.0(1.54%),B:66.7(0.14%),P:1e-13	Tpos:110.5,Tstd:55.1,Bpos:91.8,Bstd:54.1,StrandBias:-0.7,Multiplicity:1.00
0.758	0.001	0.001	0.240
0.119	0.001	0.001	0.879
0.001	0.119	0.001	0.879
0.770	0.060	0.001	0.169
0.186	0.095	0.658	0.061
0.939	0.001	0.001	0.059
0.049	0.120	0.830	0.001
0.005	0.001	0.001	0.993
0.001	0.001	0.879	0.119
0.112	0.001	0.001	0.886
0.120	0.060	0.126	0.694
0.162	0.001	0.836	0.001
>ATAGAACAAAAG	14-ATAGAACAAAAG	10.777525	-29.293094	0	T:31.0(2.52%),B:222.6(0.48%),P:1e-12	Tpos:95.9,Tstd:55.3,Bpos:97.2,Bstd:58.8,StrandBias:0.2,Multiplicity:1.00
0.677	0.061	0.001	0.261
0.258	0.001	0.259	0.482
0.913	0.001	0.085	0.001
0.211	0.172	0.616	0.001
0.827	0.086	0.086	0.001
0.909	0.001	0.089	0.001
0.042	0.883	0.074	0.001
0.997	0.001	0.001	0.001
0.996	0.001	0.001	0.002
0.848	0.001	0.150	0.001
0.858	0.086	0.053	0.003
0.001	0.001	0.997	0.001
>HCTCCCCTSCCC	15-HCTCCCCTSCCC	10.184500	-28.835556	0	T:69.0(5.60%),B:964.7(2.06%),P:1e-12	Tpos:94.8,Tstd:58.0,Bpos:97.2,Bstd:62.0,StrandBias:0.1,Multiplicity:1.09
0.295	0.397	0.001	0.307
0.001	0.997	0.001	0.001
0.001	0.026	0.116	0.857
0.001	0.944	0.001	0.054
0.001	0.997	0.001	0.001
0.001	0.911	0.001	0.087
0.319	0.679	0.001	0.001
0.040	0.195	0.162	0.603
0.177	0.406	0.278	0.140
0.001	0.997	0.001	0.001
0.036	0.731	0.001	0.232
0.001	0.578	0.106	0.315
>CTTGCTGAGCTG	16-CTTGCTGAGCTG	12.871527	-28.460142	0	T:14.0(1.14%),B:33.0(0.07%),P:1e-12	Tpos:92.2,Tstd:51.5,Bpos:77.0,Bstd:65.4,StrandBias:-1.2,Multiplicity:1.00
0.062	0.936	0.001	0.001
0.001	0.001	0.001	0.997
0.001	0.001	0.056	0.942
0.063	0.001	0.846	0.090
0.001	0.997	0.001	0.001
0.001	0.001	0.001	0.997
0.001	0.089	0.909	0.001
0.955	0.001	0.043	0.001
0.001	0.090	0.819	0.090
0.001	0.997	0.001	0.001
0.090	0.090	0.001	0.819
0.089	0.001	0.909	0.001
>TATTATGCGTGC	17-TATTATGCGTGC	13.857843	-28.445274	0	T:6.0(0.49%),B:0.0(0.00%),P:1e-12	Tpos:74.4,Tstd:26.3,Bpos:0.0,Bstd:0.0,StrandBias:2.6,Multiplicity:1.17
0.001	0.142	0.001	0.856
0.997	0.001	0.001	0.001
0.142	0.001	0.001	0.856
0.001	0.001	0.001	0.997
0.997	0.001	0.001	0.001
0.001	0.001	0.001	0.997
0.001	0.001	0.997	0.001
0.142	0.856	0.001	0.001
0.143	0.001	0.713	0.143
0.001	0.001	0.001	0.997
0.001	0.001	0.997	0.001
0.001	0.856	0.001	0.142
>VTTAGCGTGGAG	18-VTTAGCGTGGAG	10.995898	-28.445274	0	T:6.0(0.49%),B:1.6(0.00%),P:1e-12	Tpos:88.5,Tstd:43.4,Bpos:103.0,Bstd:8.6,StrandBias:1.0,Multiplicity:1.00
0.305	0.326	0.368	0.001
0.001	0.001	0.305	0.693
0.001	0.001	0.001	0.997
0.997	0.001	0.001	0.001
0.020	0.001	0.978	0.001
0.001	0.997	0.001	0.001
0.001	0.001	0.997	0.001
0.001	0.001	0.001	0.997
0.001	0.001	0.997	0.001
0.001	0.001	0.997	0.001
0.693	0.001	0.305	0.001
0.021	0.368	0.610	0.001
>TTCCTTTGTTAT	19-TTCCTTTGTTAT	13.950369	-28.445274	0	T:6.0(0.49%),B:1.9(0.00%),P:1e-12	Tpos:141.0,Tstd:46.8,Bpos:174.9,Bstd:7.8,StrandBias:1.0,Multiplicity:1.00
0.148	0.001	0.001	0.850
0.001	0.001	0.001	0.997
0.001	0.997	0.001	0.001
0.093	0.905	0.001	0.001
0.001	0.148	0.001	0.850
0.001	0.001	0.001	0.997
0.001	0.001	0.001	0.997
0.001	0.001	0.921	0.077
0.001	0.001	0.001	0.997
0.148	0.001	0.001	0.850
0.914	0.084	0.001	0.001
0.001	0.148	0.001	0.850
>TGTTTACGCTGT	20-TGTTTACGCTGT	11.916906	-24.308800	0	T:6.0(0.49%),B:2.7(0.01%),P:1e-10	Tpos:124.0,Tstd:28.3,Bpos:42.9,Bstd:14.6,StrandBias:0.0,Multiplicity:1.00
0.036	0.023	0.077	0.864
0.054	0.093	0.739	0.114
0.074	0.027	0.069	0.830
0.092	0.058	0.114	0.736
0.100	0.083	0.088	0.729
0.725	0.098	0.059	0.118
0.193	0.596	0.080	0.131
0.171	0.138	0.551	0.140
0.058	0.835	0.054	0.053
0.114	0.023	0.023	0.840
0.036	0.100	0.822	0.042
0.105	0.082	0.076	0.737
>CATRAATATTCA	21-CATRAATATTCA	12.251937	-22.833340	0	T:15.0(1.22%),B:59.6(0.13%),P:1e-9	Tpos:113.9,Tstd:54.0,Bpos:114.0,Bstd:87.7,StrandBias:0.5,Multiplicity:1.00
0.027	0.582	0.057	0.334
0.997	0.001	0.001	0.001
0.001	0.001	0.001	0.997
0.394	0.001	0.377	0.228
0.587	0.301	0.111	0.001
0.944	0.001	0.054	0.001
0.001	0.001	0.001	0.997
0.997	0.001	0.001	0.001
0.086	0.001	0.001	0.912
0.069	0.057	0.154	0.720
0.055	0.588	0.001	0.356
0.741	0.221	0.001	0.037
>GGGGGGACAAAG	22-GGGGGGACAAAG	10.038109	-22.381960	0	T:28.0(2.27%),B:242.8(0.52%),P:1e-9	Tpos:116.2,Tstd:60.1,Bpos:99.7,Bstd:63.0,StrandBias:-0.5,Multiplicity:1.08
0.269	0.001	0.729	0.001
0.155	0.046	0.798	0.001
0.030	0.056	0.660	0.254
0.086	0.001	0.854	0.059
0.001	0.001	0.943	0.055
0.195	0.001	0.803	0.001
0.894	0.056	0.001	0.049
0.039	0.729	0.231	0.001
0.897	0.056	0.046	0.001
0.918	0.035	0.046	0.001
0.836	0.056	0.052	0.056
0.001	0.001	0.997	0.001
>GGGAAAAACAAA	23-GGGAAAAACAAA	10.316218	-20.726850	0	T:19.0(1.54%),B:119.2(0.25%),P:1e-9	Tpos:90.2,Tstd:56.5,Bpos:106.3,Bstd:61.1,StrandBias:0.7,Multiplicity:1.00
0.076	0.025	0.673	0.226
0.102	0.009	0.610	0.279
0.252	0.009	0.699	0.040
0.618	0.010	0.322	0.050
0.888	0.025	0.037	0.050
0.619	0.060	0.047	0.274
0.597	0.045	0.083	0.275
0.655	0.023	0.276	0.046
0.226	0.669	0.050	0.055
0.673	0.255	0.012	0.060
0.679	0.034	0.007	0.280
0.802	0.029	0.082	0.087
>CGGATTWATYTA	24-CGGATTWATYTA	10.036599	-16.904116	0	T:6.0(0.49%),B:7.5(0.02%),P:1e-7	Tpos:90.2,Tstd:64.9,Bpos:92.9,Bstd:46.7,StrandBias:-1.0,Multiplicity:1.00
0.039	0.959	0.001	0.001
0.001	0.001	0.997	0.001
0.001	0.039	0.959	0.001
0.997	0.001	0.001	0.001
0.001	0.001	0.001	0.997
0.001	0.119	0.001	0.879
0.439	0.001	0.001	0.559
0.997	0.001	0.001	0.001
0.001	0.001	0.001	0.997
0.001	0.439	0.001	0.559
0.001	0.001	0.001	0.997
0.997	0.001	0.001	0.001
>GTGTGTGGAGGT	25-GTGTGTGGAGGT	14.377290	-4.200824	0	T:2.0(0.16%),B:7.4(0.02%),P:1e-1	Tpos:107.0,Tstd:51.2,Bpos:122.8,Bstd:43.1,StrandBias:2.8,Multiplicity:4.00
0.001	0.001	0.997	0.001
0.001	0.001	0.001	0.997
0.149	0.001	0.849	0.001
0.001	0.001	0.001	0.997
0.001	0.001	0.997	0.001
0.001	0.001	0.001	0.997
0.149	0.001	0.849	0.001
0.001	0.001	0.997	0.001
0.997	0.001	0.001	0.001
0.001	0.001	0.849	0.149
0.001	0.001	0.997	0.001
0.001	0.001	0.001	0.997
>AYTGWCAS	1-AYTGWCAS	5.578088	-95.613794	0	T:554.0(44.97%),B:12595.3(26.88%),P:1e-41	Tpos:99.9,Tstd:54.1,Bpos:99.4,Bstd:66.9,StrandBias:0.0,Multiplicity:1.36
0.483	0.256	0.260	0.001
0.188	0.410	0.061	0.341
0.001	0.062	0.001	0.936
0.137	0.079	0.783	0.001
0.477	0.001	0.012	0.510
0.031	0.896	0.034	0.039
0.917	0.009	0.001	0.073
0.220	0.241	0.379	0.161
>ATGCTAAT	2-ATGCTAAT	5.924196	-85.420670	0	T:378.0(30.68%),B:7490.4(15.98%),P:1e-37	Tpos:101.6,Tstd:54.9,Bpos:98.8,Bstd:69.8,StrandBias:0.3,Multiplicity:1.26
0.751	0.142	0.057	0.050
0.078	0.167	0.111	0.644
0.112	0.068	0.653	0.167
0.049	0.588	0.135	0.228
0.180	0.010	0.052	0.758
0.878	0.025	0.029	0.068
0.854	0.024	0.017	0.105
0.019	0.028	0.075	0.878
>BSCTTTGA	3-BSCTTTGA	6.127957	-85.275598	0	T:580.0(47.08%),B:13914.1(29.69%),P:1e-37	Tpos:104.5,Tstd:54.1,Bpos:100.7,Bstd:64.6,StrandBias:0.1,Multiplicity:1.32
0.001	0.362	0.368	0.269
0.001	0.380	0.432	0.186
0.109	0.889	0.001	0.001
0.089	0.001	0.001	0.909
0.001	0.246	0.201	0.552
0.001	0.001	0.001	0.997
0.059	0.211	0.729	0.001
0.612	0.001	0.035	0.352
>GATTAGCG	4-GATTAGCG	5.257549	-68.138627	0	T:246.0(19.97%),B:4343.6(9.27%),P:1e-29	Tpos:100.4,Tstd:57.3,Bpos:99.6,Bstd:66.2,StrandBias:-0.4,Multiplicity:1.08
0.088	0.174	0.638	0.100
0.814	0.115	0.033	0.038
0.089	0.025	0.024	0.862
0.060	0.024	0.060	0.856
0.805	0.073	0.078	0.044
0.096	0.112	0.648	0.144
0.097	0.718	0.096	0.089
0.120	0.093	0.666	0.121
>CKMATWAW	5-CKMATWAW	5.311001	-65.597576	0	T:365.0(29.63%),B:7846.3(16.74%),P:1e-28	Tpos:101.6,Tstd:56.5,Bpos:100.1,Bstd:70.5,StrandBias:-0.3,Multiplicity:1.11
0.162	0.417	0.177	0.244
0.107	0.163	0.438	0.292
0.306	0.455	0.239	0.001
0.676	0.001	0.322	0.001
0.001	0.052	0.001	0.946
0.289	0.070	0.209	0.432
0.997	0.001	0.001	0.001
0.415	0.180	0.001	0.404
>BGATTAAT	6-BGATTAAT	5.045092	-57.521772	0	T:465.0(37.74%),B:11402.1(24.33%),P:1e-24	Tpos:98.4,Tstd:56.2,Bpos:99.2,Bstd:68.9,StrandBias:-0.0,Multiplicity:1.33
0.103	0.296	0.254	0.348
0.085	0.196	0.668	0.051
0.491	0.244	0.147	0.117
0.161	0.004	0.014	0.821
0.148	0.011	0.015	0.826
0.897	0.032	0.017	0.054
0.726	0.045	0.041	0.188
0.117	0.192	0.124	0.567
>GTAATHAG	7-GTAATHAG	6.218802	-51.643822	0	T:291.0(23.62%),B:6198.8(13.23%),P:1e-22	Tpos:98.0,Tstd:54.0,Bpos:101.0,Bstd:67.5,StrandBias:-0.4,Multiplicity:1.08
0.178	0.004	0.694	0.124
0.001	0.121	0.118	0.760
0.760	0.045	0.105	0.090
0.976	0.001	0.022	0.001
0.001	0.001	0.001	0.997
0.206	0.304	0.139	0.351
0.821	0.019	0.098	0.062
0.022	0.001	0.748	0.229
>GTTAATGA	8-GTTAATGA	6.322685	-47.951898	0	T:285.0(23.13%),B:6176.2(13.18%),P:1e-20	Tpos:105.0,Tstd:56.0,Bpos:98.8,Bstd:65.9,StrandBias:0.2,Multiplicity:1.06
0.031	0.269	0.697	0.003
0.277	0.113	0.001	0.609
0.200	0.001	0.008	0.791
0.966	0.030	0.003	0.001
0.881	0.093	0.025	0.001
0.001	0.116	0.001	0.882
0.077	0.005	0.872	0.046
0.963	0.001	0.001	0.035
>CAGCAGGC	9-CAGCAGGC	6.680108	-46.859296	0	T:341.0(27.68%),B:7945.2(16.95%),P:1e-20	Tpos:97.3,Tstd:58.6,Bpos:100.3,Bstd:70.1,StrandBias:-0.2,Multiplicity:1.16
0.034	0.771	0.159	0.036
0.828	0.028	0.056	0.088
0.001	0.001	0.979	0.019
0.001	0.997	0.001	0.001
0.933	0.019	0.001	0.047
0.108	0.023	0.823	0.046
0.001	0.045	0.906	0.048
0.057	0.829	0.074	0.040
>CCTTTTGT	10-CCTTTTGT	7.667826	-46.794810	0	T:132.0(10.71%),B:2021.8(4.31%),P:1e-20	Tpos:104.0,Tstd:55.5,Bpos:101.9,Bstd:61.7,StrandBias:-0.1,Multiplicity:1.03
0.001	0.849	0.001	0.149
0.001	0.997	0.001	0.001
0.001	0.001	0.001	0.997
0.289	0.001	0.001	0.709
0.001	0.001	0.001	0.997
0.001	0.001	0.001	0.997
0.135	0.001	0.863	0.001
0.001	0.001	0.001	0.997
>CCCCAGGG	11-CCCCAGGG	5.653759	-44.632012	0	T:403.0(32.71%),B:10055.6(21.46%),P:1e-19	Tpos:100.5,Tstd:54.6,Bpos:98.8,Bstd:63.5,StrandBias:0.1,Multiplicity:1.25
0.027	0.971	0.001	0.001
0.082	0.810	0.001	0.107
0.037	0.872	0.025	0.066
0.038	0.960	0.001	0.001
0.936	0.001	0.001	0.062
0.045	0.001	0.953	0.001
0.037	0.039	0.887	0.037
0.069	0.094	0.836	0.001
>GCATTTCA	12-GCATTTCA	7.075000	-34.336796	0	T:187.0(15.18%),B:3882.9(8.29%),P:1e-14	Tpos:106.6,Tstd:53.5,Bpos:100.6,Bstd:68.3,StrandBias:0.0,Multiplicity:1.04
0.001	0.055	0.906	0.038
0.001	0.839	0.159	0.001
0.808	0.001	0.014	0.177
0.039	0.001	0.025	0.935
0.001	0.098	0.001	0.900
0.036	0.031	0.001	0.932
0.001	0.954	0.044	0.001
0.851	0.088	0.001	0.060
>TCTCCCTT	13-TCTCCCTT	7.352437	-26.173771	0	T:158.0(12.82%),B:3398.7(7.25%),P:1e-11	Tpos:93.1,Tstd:59.0,Bpos:101.2,Bstd:63.1,StrandBias:-0.2,Multiplicity:1.06
0.001	0.179	0.001	0.819
0.104	0.894	0.001	0.001
0.001	0.001	0.001	0.997
0.001	0.997	0.001	0.001
0.001	0.997	0.001	0.001
0.001	0.997	0.001	0.001
0.001	0.151	0.001	0.847
0.001	0.001	0.001	0.997
>GGGGGGGG	14-GGGGGGGG	7.617569	-25.679116	0	T:219.0(17.78%),B:5260.3(11.22%),P:1e-11	Tpos:98.3,Tstd:59.5,Bpos:97.8,Bstd:62.3,StrandBias:0.1,Multiplicity:1.21
0.014	0.001	0.955	0.030
0.045	0.001	0.860	0.094
0.102	0.001	0.806	0.091
0.164	0.001	0.803	0.032
0.143	0.001	0.783	0.073
0.116	0.001	0.865	0.018
0.035	0.001	0.963	0.001
0.038	0.001	0.960	0.001
>ACGCTGCG	15-ACGCTGCG	6.669577	-23.097876	0	T:94.0(7.63%),B:1736.1(3.70%),P:1e-10	Tpos:93.1,Tstd:58.6,Bpos:97.5,Bstd:71.2,StrandBias:0.1,Multiplicity:1.03
0.902	0.048	0.021	0.029
0.168	0.808	0.001	0.023
0.120	0.010	0.869	0.001
0.024	0.933	0.009	0.034
0.095	0.001	0.001	0.903
0.001	0.001	0.997	0.001
0.023	0.833	0.014	0.130
0.088	0.033	0.844	0.035
>YTAGCAAC	16-YTAGCAAC	6.555559	-22.904706	0	T:99.0(8.04%),B:1876.2(4.00%),P:1e-9	Tpos:103.2,Tstd:49.6,Bpos:99.2,Bstd:64.2,StrandBias:0.0,Multiplicity:1.08
0.265	0.301	0.001	0.433
0.001	0.001	0.001	0.997
0.948	0.001	0.050	0.001
0.001	0.001	0.997	0.001
0.001	0.997	0.001	0.001
0.997	0.001	0.001	0.001
0.822	0.001	0.001	0.176
0.001	0.997	0.001	0.001
>TTATGCWG	17-TTATGCWG	3.947659	-19.832447	0	T:86.0(6.98%),B:1637.2(3.49%),P:1e-8	Tpos:89.8,Tstd:55.4,Bpos:97.5,Bstd:67.0,StrandBias:0.3,Multiplicity:1.02
0.001	0.001	0.001	0.997
0.001	0.001	0.001	0.997
0.997	0.001	0.001	0.001
0.001	0.001	0.001	0.997
0.001	0.001	0.805	0.193
0.001	0.997	0.001	0.001
0.422	0.120	0.001	0.457
0.001	0.001	0.997	0.001
>MRCAATTG	18-MRCAATTG	7.026423	-17.690666	0	T:71.0(5.76%),B:1313.1(2.80%),P:1e-7	Tpos:105.4,Tstd:52.0,Bpos:99.0,Bstd:65.6,StrandBias:0.3,Multiplicity:1.07
0.368	0.488	0.143	0.001
0.377	0.151	0.471	0.001
0.001	0.681	0.042	0.276
0.712	0.001	0.073	0.214
0.914	0.001	0.001	0.084
0.001	0.076	0.001	0.922
0.239	0.006	0.010	0.745
0.060	0.122	0.817	0.001
