>TGAYTGACAGCC	1-TGAYTGACAGCC	5.764872	-93.577314	0	T:500.0(40.58%),B:10926.0(23.31%),P:1e-40	Tpos:99.6,Tstd:53.7,Bpos:99.6,Bstd:65.8,StrandBias:-0.0,Multiplicity:1.28
0.158	0.005	0.067	0.770
0.134	0.251	0.478	0.137
0.570	0.204	0.041	0.185
0.187	0.284	0.128	0.401
0.128	0.031	0.015	0.826
0.193	0.204	0.552	0.051
0.742	0.062	0.026	0.170
0.156	0.784	0.029	0.031
0.861	0.020	0.001	0.118
0.116	0.036	0.735	0.113
0.067	0.725	0.182	0.026
0.229	0.496	0.046	0.228
>NKCATTWRCATD	2-NKCATTWRCATD	7.171458	-81.839467	0	T:240.0(19.48%),B:3814.2(8.14%),P:1e-35	Tpos:101.1,Tstd:54.9,Bpos:100.4,Bstd:68.3,StrandBias:-0.3,Multiplicity:1.14
0.156	0.301	0.254	0.290
0.215	0.184	0.235	0.365
0.200	0.445	0.207	0.148
0.844	0.034	0.001	0.121
0.001	0.001	0.001	0.997
0.001	0.228	0.001	0.770
0.524	0.001	0.001	0.474
0.249	0.192	0.359	0.200
0.380	0.538	0.001	0.081
0.973	0.001	0.025	0.001
0.203	0.092	0.180	0.525
0.351	0.154	0.221	0.274
>TTCCCTGGGGGG	3-TTCCCTGGGGGG	5.380566	-59.384189	0	T:478.0(38.80%),B:11737.7(25.05%),P:1e-25	Tpos:102.2,Tstd:55.3,Bpos:99.6,Bstd:62.4,StrandBias:0.1,Multiplicity:1.26
0.118	0.172	0.129	0.581
0.076	0.138	0.153	0.633
0.067	0.697	0.106	0.130
0.090	0.721	0.062	0.127
0.090	0.740	0.060	0.110
0.144	0.094	0.090	0.672
0.084	0.080	0.717	0.119
0.123	0.108	0.638	0.131
0.134	0.079	0.680	0.107
0.140	0.080	0.671	0.109
0.169	0.077	0.646	0.108
0.139	0.147	0.602	0.112
>TAAGGGGATTAA	4-TAAGGGGATTAA	9.820252	-44.295518	0	T:44.0(3.57%),B:287.3(0.61%),P:1e-19	Tpos:103.4,Tstd:60.8,Bpos:102.7,Bstd:71.1,StrandBias:0.8,Multiplicity:1.05
0.001	0.243	0.228	0.528
0.753	0.245	0.001	0.001
0.920	0.001	0.001	0.078
0.143	0.001	0.613	0.243
0.034	0.001	0.964	0.001
0.218	0.001	0.529	0.252
0.100	0.191	0.568	0.141
0.949	0.049	0.001	0.001
0.001	0.001	0.001	0.997
0.001	0.001	0.001	0.997
0.797	0.102	0.001	0.100
0.997	0.001	0.001	0.001
>CTGCAGGTTAAT	5-CTGCAGGTTAAT	6.904984	-43.750992	0	T:191.0(15.50%),B:3637.6(7.76%),P:1e-19	Tpos:94.0,Tstd:56.2,Bpos:101.4,Bstd:66.1,StrandBias:-0.2,Multiplicity:1.14
0.088	0.758	0.068	0.086
0.124	0.013	0.038	0.825
0.061	0.082	0.779	0.078
0.109	0.783	0.067	0.041
0.798	0.037	0.041	0.124
0.113	0.061	0.725	0.101
0.131	0.122	0.628	0.119
0.116	0.078	0.097	0.709
0.098	0.078	0.071	0.753
0.691	0.127	0.086	0.096
0.813	0.031	0.044	0.112
0.104	0.075	0.083	0.738
>GCCTTTCAAATG	6-GCCTTTCAAATG	6.515811	-42.007135	0	T:264.0(21.43%),B:5810.7(12.40%),P:1e-18	Tpos:104.4,Tstd:52.9,Bpos:100.7,Bstd:62.9,StrandBias:0.0,Multiplicity:1.12
0.038	0.196	0.565	0.201
0.001	0.694	0.184	0.121
0.304	0.534	0.010	0.152
0.001	0.001	0.001	0.997
0.091	0.070	0.180	0.659
0.133	0.029	0.097	0.741
0.045	0.604	0.206	0.145
0.652	0.062	0.001	0.285
0.627	0.226	0.088	0.059
0.677	0.075	0.087	0.161
0.001	0.001	0.346	0.652
0.155	0.095	0.686	0.064
>GTTGCCATGGCA	7-GTTGCCATGGCA	10.091866	-41.030767	0	T:29.0(2.35%),B:121.5(0.26%),P:1e-17	Tpos:117.1,Tstd:41.9,Bpos:109.8,Bstd:49.7,StrandBias:0.2,Multiplicity:1.07
0.062	0.074	0.822	0.042
0.038	0.042	0.023	0.897
0.092	0.018	0.001	0.889
0.069	0.062	0.691	0.178
0.023	0.792	0.023	0.162
0.001	0.929	0.001	0.069
0.835	0.056	0.001	0.108
0.052	0.001	0.046	0.901
0.111	0.046	0.842	0.001
0.109	0.023	0.822	0.046
0.105	0.743	0.037	0.115
0.843	0.023	0.016	0.118
>CACARMRGASAG	8-CACARMRGASAG	7.337915	-38.753167	0	T:103.0(8.36%),B:1524.7(3.25%),P:1e-16	Tpos:108.4,Tstd:54.9,Bpos:100.4,Bstd:62.9,StrandBias:-0.0,Multiplicity:1.04
0.247	0.415	0.191	0.147
0.617	0.131	0.030	0.222
0.040	0.882	0.049	0.029
0.707	0.264	0.011	0.018
0.498	0.080	0.398	0.024
0.388	0.264	0.212	0.136
0.456	0.014	0.376	0.153
0.040	0.282	0.562	0.116
0.540	0.142	0.299	0.019
0.030	0.499	0.457	0.013
0.658	0.204	0.110	0.028
0.151	0.230	0.460	0.158
>CCCTTTTATCTC	9-CCCTTTTATCTC	10.810321	-36.430716	0	T:26.0(2.11%),B:111.5(0.24%),P:1e-15	Tpos:106.8,Tstd:56.6,Bpos:99.7,Bstd:66.0,StrandBias:-0.4,Multiplicity:1.00
0.122	0.487	0.097	0.294
0.001	0.780	0.097	0.122
0.001	0.997	0.001	0.001
0.001	0.098	0.001	0.900
0.096	0.001	0.001	0.902
0.001	0.001	0.096	0.902
0.001	0.097	0.215	0.687
0.804	0.001	0.194	0.001
0.001	0.001	0.001	0.997
0.001	0.805	0.097	0.097
0.096	0.001	0.001	0.902
0.001	0.584	0.101	0.314
>CGGCTTTTCATT	10-CGGCTTTTCATT	9.893156	-33.567525	0	T:34.0(2.76%),B:230.7(0.49%),P:1e-14	Tpos:95.7,Tstd:45.0,Bpos:97.1,Bstd:62.4,StrandBias:0.7,Multiplicity:1.00
0.216	0.453	0.162	0.170
0.123	0.040	0.714	0.123
0.001	0.080	0.888	0.031
0.109	0.811	0.040	0.040
0.001	0.001	0.039	0.959
0.040	0.121	0.040	0.799
0.001	0.033	0.040	0.926
0.066	0.001	0.040	0.893
0.001	0.926	0.033	0.040
0.886	0.073	0.040	0.001
0.081	0.081	0.040	0.798
0.039	0.001	0.001	0.959
>TATTAMAAKGCA	11-TATTAMAAKGCA	9.754983	-32.820713	0	T:51.0(4.14%),B:522.8(1.12%),P:1e-14	Tpos:96.7,Tstd:59.8,Bpos:103.1,Bstd:65.7,StrandBias:0.1,Multiplicity:1.03
0.098	0.001	0.001	0.900
0.577	0.175	0.174	0.074
0.208	0.001	0.001	0.790
0.001	0.001	0.001	0.997
0.779	0.219	0.001	0.001
0.547	0.451	0.001	0.001
0.997	0.001	0.001	0.001
0.940	0.001	0.058	0.001
0.091	0.001	0.395	0.513
0.226	0.115	0.602	0.057
0.198	0.688	0.057	0.057
0.714	0.001	0.001	0.284
>ATTAATTATGCA	12-ATTAATTATGCA	8.779467	-31.256713	0	T:65.0(5.28%),B:828.7(1.77%),P:1e-13	Tpos:103.7,Tstd:54.1,Bpos:95.9,Bstd:69.9,StrandBias:0.5,Multiplicity:1.05
0.920	0.043	0.001	0.036
0.064	0.043	0.043	0.850
0.143	0.059	0.083	0.715
0.828	0.082	0.043	0.047
0.811	0.086	0.021	0.082
0.058	0.043	0.043	0.856
0.194	0.001	0.017	0.788
0.808	0.071	0.017	0.104
0.053	0.001	0.068	0.878
0.057	0.039	0.799	0.105
0.082	0.829	0.043	0.046
0.925	0.021	0.021	0.033
>ATTAGAGTGTTG	13-ATTAGAGTGTTG	10.546693	-30.629317	0	T:19.0(1.54%),B:66.7(0.14%),P:1e-13	Tpos:110.5,Tstd:55.1,Bpos:91.8,Bstd:54.1,StrandBias:-0.7,Multiplicity:1.00
0.758	0.001	0.001	0.240
0.119	0.001	0.001	0.879
0.001	0.119	0.001	0.879
0.770	0.060	0.001	0.169
0.186	0.095	0.658	0.061
0.939	0.001	0.001	0.059
0.049	0.120	0.830	0.001
0.005	0.001	0.001	0.993
0.001	0.001	0.879	0.119
0.112	0.001	0.001	0.886
0.120	0.060	0.126	0.694
0.162	0.001	0.836	0.001
>ATAGAACAAAAG	14-ATAGAACAAAAG	10.777525	-29.293094	0	T:31.0(2.52%),B:222.6(0.48%),P:1e-12	Tpos:95.9,Tstd:55.3,Bpos:97.2,Bstd:58.8,StrandBias:0.2,Multiplicity:1.00
0.677	0.061	0.001	0.261
0.258	0.001	0.259	0.482
0.913	0.001	0.085	0.001
0.211	0.172	0.616	0.001
0.827	0.086	0.086	0.001
0.909	0.001	0.089	0.001
0.042	0.883	0.074	0.001
0.997	0.001	0.001	0.001
0.996	0.001	0.001	0.002
0.848	0.001	0.150	0.001
0.858	0.086	0.053	0.003
0.001	0.001	0.997	0.001
>HCTCCCCTSCCC	15-HCTCCCCTSCCC	10.184500	-28.835556	0	T:69.0(5.60%),B:964.7(2.06%),P:1e-12	Tpos:94.8,Tstd:58.0,Bpos:97.2,Bstd:62.0,StrandBias:0.1,Multiplicity:1.09
0.295	0.397	0.001	0.307
0.001	0.997	0.001	0.001
0.001	0.026	0.116	0.857
0.001	0.944	0.001	0.054
0.001	0.997	0.001	0.001
0.001	0.911	0.001	0.087
0.319	0.679	0.001	0.001
0.040	0.195	0.162	0.603
0.177	0.406	0.278	0.140
0.001	0.997	0.001	0.001
0.036	0.731	0.001	0.232
0.001	0.578	0.106	0.315
>CTTGCTGAGCTG	16-CTTGCTGAGCTG	12.871527	-28.460142	0	T:14.0(1.14%),B:33.0(0.07%),P:1e-12	Tpos:92.2,Tstd:51.5,Bpos:77.0,Bstd:65.4,StrandBias:-1.2,Multiplicity:1.00
0.062	0.936	0.001	0.001
0.001	0.001	0.001	0.997
0.001	0.001	0.056	0.942
0.063	0.001	0.846	0.090
0.001	0.997	0.001	0.001
0.001	0.001	0.001	0.997
0.001	0.089	0.909	0.001
0.955	0.001	0.043	0.001
0.001	0.090	0.819	0.090
0.001	0.997	0.001	0.001
0.090	0.090	0.001	0.819
0.089	0.001	0.909	0.001
>TATTATGCGTGC	17-TATTATGCGTGC	13.857843	-28.445274	0	T:6.0(0.49%),B:0.0(0.00%),P:1e-12	Tpos:74.4,Tstd:26.3,Bpos:0.0,Bstd:0.0,StrandBias:2.6,Multiplicity:1.17
0.001	0.142	0.001	0.856
0.997	0.001	0.001	0.001
0.142	0.001	0.001	0.856
0.001	0.001	0.001	0.997
0.997	0.001	0.001	0.001
0.001	0.001	0.001	0.997
0.001	0.001	0.997	0.001
0.142	0.856	0.001	0.001
0.143	0.001	0.713	0.143
0.001	0.001	0.001	0.997
0.001	0.001	0.997	0.001
0.001	0.856	0.001	0.142
>VTTAGCGTGGAG	18-VTTAGCGTGGAG	10.995898	-28.445274	0	T:6.0(0.49%),B:1.6(0.00%),P:1e-12	Tpos:88.5,Tstd:43.4,Bpos:103.0,Bstd:8.6,StrandBias:1.0,Multiplicity:1.00
0.305	0.326	0.368	0.001
0.001	0.001	0.305	0.693
0.001	0.001	0.001	0.997
0.997	0.001	0.001	0.001
0.020	0.001	0.978	0.001
0.001	0.997	0.001	0.001
0.001	0.001	0.997	0.001
0.001	0.001	0.001	0.997
0.001	0.001	0.997	0.001
0.001	0.001	0.997	0.001
0.693	0.001	0.305	0.001
0.021	0.368	0.610	0.001
>TTCCTTTGTTAT	19-TTCCTTTGTTAT	13.950369	-28.445274	0	T:6.0(0.49%),B:1.9(0.00%),P:1e-12	Tpos:141.0,Tstd:46.8,Bpos:174.9,Bstd:7.8,StrandBias:1.0,Multiplicity:1.00
0.148	0.001	0.001	0.850
0.001	0.001	0.001	0.997
0.001	0.997	0.001	0.001
0.093	0.905	0.001	0.001
0.001	0.148	0.001	0.850
0.001	0.001	0.001	0.997
0.001	0.001	0.001	0.997
0.001	0.001	0.921	0.077
0.001	0.001	0.001	0.997
0.148	0.001	0.001	0.850
0.914	0.084	0.001	0.001
0.001	0.148	0.001	0.850
>TGTTTACGCTGT	20-TGTTTACGCTGT	11.916906	-24.308800	0	T:6.0(0.49%),B:2.7(0.01%),P:1e-10	Tpos:124.0,Tstd:28.3,Bpos:42.9,Bstd:14.6,StrandBias:0.0,Multiplicity:1.00
0.036	0.023	0.077	0.864
0.054	0.093	0.739	0.114
0.074	0.027	0.069	0.830
0.092	0.058	0.114	0.736
0.100	0.083	0.088	0.729
0.725	0.098	0.059	0.118
0.193	0.596	0.080	0.131
0.171	0.138	0.551	0.140
0.058	0.835	0.054	0.053
0.114	0.023	0.023	0.840
0.036	0.100	0.822	0.042
0.105	0.082	0.076	0.737
>CATRAATATTCA	21-CATRAATATTCA	12.251937	-22.833340	0	T:15.0(1.22%),B:59.6(0.13%),P:1e-9	Tpos:113.9,Tstd:54.0,Bpos:114.0,Bstd:87.7,StrandBias:0.5,Multiplicity:1.00
0.027	0.582	0.057	0.334
0.997	0.001	0.001	0.001
0.001	0.001	0.001	0.997
0.394	0.001	0.377	0.228
0.587	0.301	0.111	0.001
0.944	0.001	0.054	0.001
0.001	0.001	0.001	0.997
0.997	0.001	0.001	0.001
0.086	0.001	0.001	0.912
0.069	0.057	0.154	0.720
0.055	0.588	0.001	0.356
0.741	0.221	0.001	0.037
>GGGGGGACAAAG	22-GGGGGGACAAAG	10.038109	-22.381960	0	T:28.0(2.27%),B:242.8(0.52%),P:1e-9	Tpos:116.2,Tstd:60.1,Bpos:99.7,Bstd:63.0,StrandBias:-0.5,Multiplicity:1.08
0.269	0.001	0.729	0.001
0.155	0.046	0.798	0.001
0.030	0.056	0.660	0.254
0.086	0.001	0.854	0.059
0.001	0.001	0.943	0.055
0.195	0.001	0.803	0.001
0.894	0.056	0.001	0.049
0.039	0.729	0.231	0.001
0.897	0.056	0.046	0.001
0.918	0.035	0.046	0.001
0.836	0.056	0.052	0.056
0.001	0.001	0.997	0.001
>GGGAAAAACAAA	23-GGGAAAAACAAA	10.316218	-20.726850	0	T:19.0(1.54%),B:119.2(0.25%),P:1e-9	Tpos:90.2,Tstd:56.5,Bpos:106.3,Bstd:61.1,StrandBias:0.7,Multiplicity:1.00
0.076	0.025	0.673	0.226
0.102	0.009	0.610	0.279
0.252	0.009	0.699	0.040
0.618	0.010	0.322	0.050
0.888	0.025	0.037	0.050
0.619	0.060	0.047	0.274
0.597	0.045	0.083	0.275
0.655	0.023	0.276	0.046
0.226	0.669	0.050	0.055
0.673	0.255	0.012	0.060
0.679	0.034	0.007	0.280
0.802	0.029	0.082	0.087
>CGGATTWATYTA	24-CGGATTWATYTA	10.036599	-16.904116	0	T:6.0(0.49%),B:7.5(0.02%),P:1e-7	Tpos:90.2,Tstd:64.9,Bpos:92.9,Bstd:46.7,StrandBias:-1.0,Multiplicity:1.00
0.039	0.959	0.001	0.001
0.001	0.001	0.997	0.001
0.001	0.039	0.959	0.001
0.997	0.001	0.001	0.001
0.001	0.001	0.001	0.997
0.001	0.119	0.001	0.879
0.439	0.001	0.001	0.559
0.997	0.001	0.001	0.001
0.001	0.001	0.001	0.997
0.001	0.439	0.001	0.559
0.001	0.001	0.001	0.997
0.997	0.001	0.001	0.001
>GTGTGTGGAGGT	25-GTGTGTGGAGGT	14.377290	-4.200824	0	T:2.0(0.16%),B:7.4(0.02%),P:1e-1	Tpos:107.0,Tstd:51.2,Bpos:122.8,Bstd:43.1,StrandBias:2.8,Multiplicity:4.00
0.001	0.001	0.997	0.001
0.001	0.001	0.001	0.997
0.149	0.001	0.849	0.001
0.001	0.001	0.001	0.997
0.001	0.001	0.997	0.001
0.001	0.001	0.001	0.997
0.149	0.001	0.849	0.001
0.001	0.001	0.997	0.001
0.997	0.001	0.001	0.001
0.001	0.001	0.849	0.149
0.001	0.001	0.997	0.001
0.001	0.001	0.001	0.997
