>NACAGGAAGTGN	8-NACAGGAAGTGN	6.654904	-95.782992	0	T:716.0(7.41%),B:1706.2(4.32%),P:1e-41
0.249	0.247	0.300	0.204
0.615	0.126	0.133	0.126
0.155	0.599	0.145	0.101
0.712	0.070	0.086	0.132
0.129	0.066	0.676	0.129
0.151	0.126	0.613	0.110
0.644	0.148	0.135	0.073
0.671	0.070	0.124	0.135
0.149	0.126	0.599	0.126
0.155	0.082	0.141	0.622
0.134	0.120	0.620	0.126
0.328	0.220	0.232	0.220
