>TACATCGTCAGA	23-TACATCGTCAGA,BestGuess:Sox17/MA0078.1/Jaspar(0.557)	11.359650	-18.631620	0	T:11.0(0.11%),B:4.1(0.01%),P:1e-8
0.033	0.001	0.067	0.899
0.826	0.070	0.034	0.070
0.034	0.897	0.002	0.067
0.898	0.034	0.034	0.034
0.034	0.101	0.067	0.798
0.104	0.556	0.169	0.171
0.101	0.171	0.692	0.036
0.001	0.033	0.135	0.831
0.070	0.862	0.067	0.001
0.965	0.001	0.001	0.033
0.066	0.001	0.932	0.001
0.865	0.033	0.101	0.001
