>CCGCTGATTGGC	21-GCCAATCAGCGG	9.158447	-35.005758	0	T:127.0(1.31%),B:232.6(0.59%),P:1e-15
0.046	0.824	0.051	0.079
0.091	0.757	0.045	0.107
0.125	0.137	0.548	0.190
0.023	0.898	0.045	0.034
0.011	0.076	0.045	0.868
0.023	0.041	0.891	0.045
0.819	0.045	0.057	0.079
0.034	0.057	0.091	0.818
0.045	0.023	0.045	0.887
0.001	0.011	0.909	0.079
0.034	0.023	0.932	0.011
0.057	0.856	0.023	0.064
