>CAGBCTYTGGCA	13-CAGBCTYTGGCA	7.626305	-57.427611	0	T:361.0(3.74%),B:813.9(2.06%),P:1e-24
0.258	0.493	0.226	0.024
0.545	0.014	0.070	0.371
0.077	0.028	0.694	0.201
0.115	0.382	0.265	0.238
0.184	0.481	0.139	0.196
0.034	0.289	0.019	0.658
0.075	0.285	0.215	0.424
0.031	0.048	0.167	0.754
0.092	0.025	0.852	0.031
0.185	0.207	0.421	0.186
0.285	0.596	0.038	0.081
0.480	0.275	0.015	0.230
