>TGAGTCATTTGC	12-GCAAATGACTCA	7.070062	-73.522692	0	T:736.0(7.62%),B:1904.8(4.83%),P:1e-31
0.077	0.027	0.081	0.815
0.078	0.085	0.747	0.090
0.767	0.047	0.077	0.109
0.100	0.098	0.702	0.100
0.102	0.094	0.076	0.728
0.079	0.768	0.075	0.078
0.801	0.091	0.026	0.082
0.078	0.084	0.075	0.763
0.084	0.088	0.103	0.725
0.057	0.040	0.087	0.816
0.075	0.112	0.690	0.123
0.093	0.679	0.095	0.133
