>AGAGCAGCTGCT	7-AGAGCAGCTGCT	6.451484	-109.368197	0	T:1852.0(19.17%),B:5450.3(13.81%),P:1e-47
0.736	0.034	0.115	0.115
0.118	0.158	0.686	0.038
0.829	0.016	0.046	0.109
0.114	0.042	0.770	0.074
0.141	0.684	0.125	0.050
0.800	0.028	0.045	0.127
0.072	0.069	0.736	0.123
0.140	0.683	0.113	0.064
0.150	0.019	0.033	0.798
0.021	0.100	0.796	0.083
0.092	0.719	0.067	0.122
0.118	0.063	0.051	0.768
