>GCCAATCAGCGG	21-GCCAATCAGCGG,BestGuess:NFYA/MA0060.3/Jaspar(0.854)	9.158447	-35.005758	0	T:127.0(1.31%),B:232.6(0.59%),P:1e-15
0.064	0.023	0.856	0.057
0.011	0.932	0.023	0.034
0.079	0.909	0.011	0.001
0.887	0.045	0.023	0.045
0.818	0.091	0.057	0.034
0.079	0.057	0.045	0.819
0.045	0.891	0.041	0.023
0.868	0.045	0.076	0.011
0.034	0.045	0.898	0.023
0.190	0.548	0.137	0.125
0.107	0.045	0.757	0.091
0.079	0.051	0.824	0.046
