>ATGAATTATTHA	16-ATGAATTATTHA	9.185856	-47.899220	0	T:89.0(0.92%),B:109.6(0.28%),P:1e-20
0.453	0.266	0.086	0.195
0.260	0.015	0.032	0.693
0.037	0.052	0.644	0.267
0.548	0.247	0.025	0.180
0.701	0.029	0.226	0.044
0.042	0.027	0.192	0.739
0.327	0.163	0.024	0.487
0.713	0.219	0.026	0.042
0.046	0.035	0.155	0.764
0.040	0.209	0.041	0.710
0.311	0.321	0.121	0.247
0.740	0.181	0.029	0.050
