>GCTTTTGTTCTC	14-GCTTTTGTTCTC	9.158074	-54.030611	0	T:304.0(3.15%),B:659.7(1.67%),P:1e-23
0.049	0.079	0.766	0.106
0.029	0.829	0.074	0.068
0.046	0.094	0.034	0.826
0.034	0.031	0.058	0.877
0.010	0.057	0.061	0.872
0.033	0.027	0.029	0.911
0.058	0.086	0.785	0.071
0.063	0.084	0.020	0.833
0.041	0.050	0.064	0.845
0.029	0.803	0.050	0.118
0.039	0.070	0.005	0.886
0.065	0.771	0.101	0.063
