>TGCCAGGAAATA	9-TGCCAGGAAATA	6.983859	-81.524172	0	T:1245.0(12.88%),B:3563.3(9.03%),P:1e-35
0.114	0.042	0.080	0.764
0.086	0.076	0.725	0.113
0.106	0.717	0.092	0.085
0.096	0.788	0.046	0.070
0.798	0.043	0.044	0.115
0.103	0.019	0.807	0.071
0.096	0.076	0.752	0.076
0.803	0.060	0.078	0.059
0.761	0.073	0.080	0.086
0.705	0.108	0.094	0.093
0.105	0.108	0.103	0.684
0.695	0.088	0.111	0.106
