>GCAAATGACTCA	12-GCAAATGACTCA,BestGuess:JUNB/MA0490.2/Jaspar(0.806)	7.070062	-73.522692	0	T:736.0(7.62%),B:1904.8(4.83%),P:1e-31
0.133	0.095	0.679	0.093
0.123	0.690	0.112	0.075
0.816	0.087	0.040	0.057
0.725	0.103	0.088	0.084
0.763	0.075	0.084	0.078
0.082	0.026	0.091	0.801
0.078	0.075	0.768	0.079
0.728	0.076	0.094	0.102
0.100	0.702	0.098	0.100
0.109	0.077	0.047	0.767
0.090	0.747	0.085	0.078
0.815	0.081	0.027	0.077
