>AAGACGGACAGT	22-AAGACGGACAGT,BestGuess:PKNOX1/MA0782.2/Jaspar(0.622)	8.246744	-28.596176	0	T:16.0(0.17%),B:5.6(0.01%),P:1e-12
0.502	0.180	0.209	0.109
0.687	0.010	0.177	0.126
0.191	0.200	0.506	0.103
0.641	0.013	0.172	0.174
0.146	0.508	0.154	0.192
0.152	0.121	0.445	0.282
0.149	0.209	0.524	0.118
0.549	0.125	0.150	0.176
0.189	0.559	0.117	0.135
0.781	0.009	0.007	0.203
0.177	0.104	0.528	0.191
0.128	0.214	0.124	0.534
