>CCACTAGGGGGC	1-CCACTAGGGGGC,BestGuess:BORIS(Zf)/K562-CTCFL-ChIP-Seq(GSE32465)/Homer(0.913)	8.825251	-346.333116	0	T:396.0(4.10%),B:307.0(0.78%),P:1e-150
0.039	0.897	0.012	0.052
0.012	0.963	0.008	0.017
0.875	0.033	0.051	0.041
0.025	0.865	0.073	0.037
0.133	0.313	0.036	0.518
0.886	0.027	0.046	0.041
0.039	0.012	0.931	0.018
0.313	0.012	0.646	0.029
0.058	0.027	0.729	0.186
0.031	0.021	0.931	0.017
0.017	0.049	0.864	0.070
0.056	0.896	0.017	0.031
