>TGGCAGCCAGCC	5-TGGCAGCCAGCC	5.851768	-142.997343	0	T:3231.0(33.44%),B:10180.9(25.80%),P:1e-62
0.402	0.004	0.028	0.566
0.105	0.008	0.857	0.030
0.090	0.214	0.639	0.057
0.180	0.699	0.109	0.012
0.683	0.050	0.009	0.258
0.154	0.065	0.678	0.103
0.232	0.440	0.252	0.075
0.055	0.733	0.148	0.064
0.690	0.057	0.003	0.250
0.139	0.039	0.789	0.033
0.151	0.609	0.126	0.114
0.236	0.600	0.018	0.146
