>TGTTTATTCAGC	15-TGTTTATTCAGC	8.975221	-48.370203	0	T:277.0(2.87%),B:605.1(1.53%),P:1e-21
0.065	0.006	0.041	0.888
0.111	0.026	0.795	0.068
0.045	0.057	0.042	0.856
0.048	0.018	0.088	0.846
0.073	0.043	0.018	0.866
0.768	0.073	0.077	0.082
0.041	0.097	0.024	0.838
0.069	0.062	0.053	0.816
0.038	0.850	0.053	0.059
0.868	0.030	0.012	0.090
0.049	0.036	0.851	0.064
0.065	0.762	0.057	0.116
