>GCCCCCTAGTGG	1-CCACTAGGGGGC	8.825251	-346.333116	0	T:396.0(4.10%),B:307.0(0.78%),P:1e-150
0.031	0.017	0.896	0.056
0.070	0.864	0.049	0.017
0.017	0.931	0.021	0.031
0.186	0.729	0.027	0.058
0.029	0.646	0.012	0.313
0.018	0.931	0.012	0.039
0.041	0.046	0.027	0.886
0.518	0.036	0.313	0.133
0.037	0.073	0.865	0.025
0.041	0.051	0.033	0.875
0.017	0.008	0.963	0.012
0.052	0.012	0.897	0.039
