>AATGGAATGGAA	24-AATGGAATGGAA	10.721753	-17.035627	0	T:33.0(0.34%),B:44.2(0.11%),P:1e-7
0.977	0.011	0.011	0.001
0.878	0.001	0.093	0.028
0.048	0.012	0.012	0.928
0.019	0.012	0.941	0.028
0.048	0.048	0.903	0.001
0.977	0.011	0.011	0.001
0.960	0.001	0.011	0.028
0.001	0.028	0.028	0.943
0.001	0.011	0.981	0.007
0.020	0.028	0.940	0.012
0.940	0.048	0.001	0.011
0.951	0.001	0.001	0.047
