>RGGTGHTGACAGSH	TBX20.TBX/4.TBX	4.510260	-5.631296	0	T:102.0(45.95%),B:18019.0(36.91%),P:1e-2
0.367	0.128	0.290	0.215
0.276	0.098	0.482	0.144
0.033	0.264	0.611	0.092
0.066	0.106	0.025	0.803
0.031	0.015	0.947	0.007
0.237	0.361	0.138	0.264
0.047	0.015	0.062	0.876
0.031	0.009	0.953	0.007
0.921	0.045	0.029	0.005
0.128	0.777	0.072	0.023
0.927	0.005	0.021	0.047
0.142	0.023	0.739	0.096
0.110	0.336	0.458	0.096
0.294	0.239	0.136	0.332
