>RTGSCCTGRGGCHA	TFAP2C.TFAP2/1.TFAP	3.553510	-5.171820	0	T:116.0(52.25%),B:21267.2(43.57%),P:1e-2
0.386	0.202	0.269	0.143
0.197	0.125	0.167	0.511
0.185	0.102	0.515	0.198
0.012	0.504	0.469	0.014
0.007	0.979	0.011	0.003
0.005	0.943	0.005	0.046
0.052	0.133	0.028	0.786
0.038	0.003	0.909	0.050
0.551	0.028	0.414	0.007
0.076	0.003	0.916	0.005
0.003	0.003	0.989	0.005
0.032	0.614	0.340	0.015
0.313	0.350	0.099	0.238
0.426	0.171	0.242	0.161
