>TAATTAGCYWWWWW	VSX1.HD/2.homeodomain	5.358860	-8.507154	0	T:62.0(27.93%),B:8822.6(18.07%),P:1e-3
0.027	0.032	0.019	0.922
0.959	0.014	0.015	0.012
0.969	0.010	0.012	0.009
0.007	0.010	0.012	0.971
0.005	0.007	0.014	0.973
0.768	0.015	0.210	0.008
0.252	0.142	0.578	0.028
0.160	0.566	0.118	0.156
0.216	0.276	0.112	0.397
0.407	0.171	0.081	0.341
0.450	0.120	0.076	0.354
0.350	0.103	0.069	0.479
0.416	0.097	0.060	0.428
0.397	0.090	0.106	0.408
