>YTAATTRGHTWAWWWW	ISX.HD/2.homeodomain	4.883660	-6.090040	0	T:51.0(22.97%),B:7574.2(15.52%),P:1e-2
0.099	0.354	0.124	0.424
0.010	0.044	0.008	0.938
0.979	0.007	0.007	0.007
0.997	0.001	0.001	0.001
0.001	0.001	0.001	0.997
0.001	0.001	0.003	0.995
0.569	0.001	0.429	0.001
0.235	0.119	0.631	0.014
0.277	0.339	0.129	0.256
0.197	0.167	0.140	0.496
0.320	0.143	0.090	0.447
0.533	0.096	0.040	0.332
0.466	0.081	0.068	0.385
0.448	0.118	0.062	0.372
0.361	0.073	0.123	0.442
0.302	0.133	0.170	0.396
