>CRCTAATTRCAATTAATT	LHX8.HD/2.homeodomain	3.771010	-6.264851	0	T:55.0(24.77%),B:8265.6(16.93%),P:1e-2
0.187	0.402	0.180	0.231
0.307	0.203	0.436	0.054
0.028	0.530	0.071	0.371
0.001	0.001	0.001	0.997
0.594	0.001	0.404	0.001
0.997	0.001	0.001	0.001
0.001	0.001	0.001	0.997
0.001	0.004	0.004	0.991
0.509	0.001	0.489	0.001
0.055	0.626	0.297	0.022
0.411	0.257	0.146	0.186
0.533	0.194	0.145	0.128
0.219	0.152	0.065	0.564
0.133	0.193	0.052	0.622
0.602	0.072	0.119	0.206
0.612	0.061	0.108	0.219
0.238	0.096	0.124	0.541
0.226	0.126	0.160	0.488
