>CTAATTAGYNHWWWWWWD	LHX9.HD/2.homeodomain	4.674260	-6.030408	0	T:55.0(24.77%),B:8352.9(17.11%),P:1e-2
0.129	0.440	0.151	0.281
0.015	0.093	0.014	0.878
0.981	0.016	0.001	0.001
0.997	0.001	0.001	0.001
0.001	0.001	0.001	0.997
0.001	0.002	0.022	0.975
0.800	0.001	0.198	0.001
0.216	0.140	0.610	0.034
0.067	0.431	0.159	0.343
0.239	0.253	0.188	0.319
0.338	0.229	0.110	0.322
0.361	0.155	0.067	0.418
0.381	0.078	0.031	0.510
0.509	0.041	0.011	0.440
0.515	0.027	0.034	0.423
0.396	0.042	0.080	0.482
0.332	0.071	0.151	0.446
0.340	0.114	0.210	0.336
