>SCAGCTGCYBYYTYYCCC	PTF1A.Ebox/CAGATGG.bHLH	4.341510	-7.502196	0	T:130.0(58.56%),B:23139.1(47.40%),P:1e-3
0.153	0.444	0.361	0.043
0.017	0.945	0.015	0.023
0.932	0.013	0.009	0.047
0.009	0.047	0.760	0.185
0.078	0.860	0.025	0.037
0.017	0.007	0.005	0.971
0.013	0.019	0.926	0.043
0.023	0.442	0.274	0.262
0.058	0.422	0.122	0.398
0.149	0.313	0.238	0.299
0.084	0.408	0.250	0.258
0.135	0.412	0.141	0.311
0.147	0.232	0.226	0.394
0.056	0.345	0.137	0.461
0.074	0.402	0.072	0.451
0.066	0.598	0.133	0.203
0.242	0.438	0.068	0.252
0.181	0.481	0.177	0.161
