>ATGSCCTGRGGCMAT	TFAP2A.TFAP2/1.TFAP	4.203560	-11.099856	0	T:112.0(50.45%),B:17817.9(36.50%),P:1e-4
0.414	0.186	0.194	0.206
0.231	0.093	0.136	0.539
0.178	0.096	0.468	0.259
0.014	0.517	0.429	0.040
0.003	0.991	0.003	0.003
0.003	0.893	0.003	0.101
0.053	0.113	0.016	0.818
0.005	0.003	0.790	0.202
0.532	0.041	0.407	0.020
0.143	0.003	0.849	0.005
0.003	0.003	0.991	0.003
0.050	0.552	0.378	0.019
0.308	0.380	0.094	0.219
0.510	0.095	0.205	0.190
0.239	0.150	0.209	0.402
