>TAATTAGNDWTTAAT	GSX1.HD/2.homeodomain	5.990160	-6.060217	0	T:63.0(28.38%),B:9880.4(20.24%),P:1e-2
0.100	0.100	0.072	0.728
0.710	0.103	0.110	0.078
0.932	0.012	0.030	0.026
0.041	0.024	0.009	0.926
0.048	0.012	0.207	0.733
0.673	0.016	0.278	0.033
0.179	0.168	0.523	0.129
0.236	0.204	0.239	0.321
0.282	0.094	0.243	0.381
0.300	0.094	0.204	0.403
0.193	0.080	0.179	0.548
0.170	0.092	0.142	0.596
0.508	0.096	0.196	0.199
0.628	0.096	0.149	0.127
0.144	0.088	0.180	0.588
