>VCTAATTRSCCAWTWAW	EN1.HD/2.homeodomain	4.362510	-4.763465	0	T:52.0(23.42%),B:8286.9(16.98%),P:1e-2
0.304	0.248	0.328	0.120
0.099	0.556	0.103	0.241
0.004	0.030	0.005	0.961
0.984	0.004	0.009	0.002
0.991	0.003	0.003	0.002
0.002	0.002	0.002	0.994
0.002	0.015	0.020	0.962
0.553	0.002	0.443	0.002
0.125	0.413	0.391	0.071
0.096	0.461	0.145	0.297
0.226	0.421	0.132	0.221
0.510	0.243	0.073	0.175
0.482	0.107	0.036	0.375
0.315	0.055	0.014	0.616
0.464	0.053	0.012	0.470
0.542	0.019	0.058	0.380
0.342	0.097	0.133	0.428
