>TATTAATGAGYTK	POU4F2.POU/2.POU	5.370675	-7.774071	0	T:70.0(31.53%),B:10586.4(21.69%),P:1e-3
0.102	0.303	0.052	0.543
0.485	0.152	0.228	0.134
0.027	0.203	0.027	0.743
0.027	0.027	0.027	0.919
0.919	0.027	0.027	0.027
0.919	0.027	0.027	0.027
0.027	0.027	0.027	0.919
0.027	0.027	0.686	0.260
0.786	0.027	0.109	0.077
0.027	0.122	0.629	0.222
0.134	0.428	0.077	0.360
0.159	0.178	0.159	0.504
0.102	0.102	0.403	0.392
