>STCTGYCWCCTG	SMAD3.SMAD.SMAD	5.339310	-6.684660	0	T:149.0(67.12%),B:27806.4(56.96%),P:1e-2
0.165	0.363	0.313	0.159
0.112	0.272	0.169	0.448
0.066	0.691	0.062	0.181
0.216	0.007	0.017	0.760
0.072	0.293	0.550	0.084
0.212	0.311	0.108	0.369
0.041	0.862	0.011	0.086
0.463	0.120	0.025	0.392
0.011	0.562	0.331	0.096
0.035	0.904	0.017	0.045
0.351	0.058	0.007	0.584
0.074	0.272	0.491	0.163
