>RSTAATTAGBGTTAATTA	VAX1.HD/2.homeodomain	4.735410	-4.864694	0	T:65.0(29.28%),B:10798.5(22.12%),P:1e-2
0.343	0.139	0.361	0.157
0.167	0.315	0.389	0.129
0.074	0.074	0.074	0.779
0.946	0.018	0.018	0.018
0.946	0.018	0.018	0.018
0.018	0.018	0.018	0.946
0.018	0.018	0.018	0.946
0.946	0.018	0.018	0.018
0.185	0.055	0.686	0.074
0.037	0.278	0.352	0.333
0.185	0.296	0.463	0.055
0.111	0.111	0.222	0.556
0.315	0.167	0.037	0.482
0.760	0.055	0.018	0.167
0.556	0.037	0.018	0.389
0.190	0.023	0.023	0.765
0.278	0.074	0.111	0.538
0.459	0.106	0.162	0.273
