>TTTGGMGGGAAW	E2F8.E2F/3.E2F	5.095410	-5.676634	0	T:82.0(36.94%),B:13839.6(28.35%),P:1e-2
0.234	0.138	0.170	0.457
0.186	0.122	0.186	0.505
0.066	0.130	0.162	0.641
0.298	0.043	0.553	0.106
0.122	0.027	0.633	0.218
0.314	0.441	0.027	0.218
0.027	0.059	0.856	0.059
0.027	0.027	0.888	0.059
0.027	0.027	0.824	0.122
0.641	0.035	0.066	0.258
0.545	0.162	0.098	0.194
0.418	0.130	0.162	0.290
