>TTAACCCTTTVNKKN	ZNF652/HepG2-ZNF652.Flag-ChIP-Seq(Encode)/Homer	7.877422	-12.125986	0	T:54.0(4.38%),B:1059.7(2.26%),P:1e-5
0.022	0.018	0.037	0.923
0.007	0.007	0.004	0.982
0.971	0.007	0.011	0.011
0.993	0.003	0.001	0.003
0.003	0.995	0.001	0.001
0.029	0.682	0.004	0.285
0.106	0.813	0.026	0.055
0.102	0.258	0.001	0.639
0.047	0.102	0.091	0.760
0.109	0.169	0.188	0.534
0.278	0.351	0.224	0.147
0.296	0.201	0.211	0.292
0.215	0.146	0.272	0.367
0.132	0.208	0.283	0.378
0.201	0.290	0.279	0.230
