>AACCAGCTGAGC	7-AACCAGCTGAGC,BestGuess:TFAP4.Ebox/CAGCTG.bHLH(0.780)	9.424890	-33.971290	0	T:55.0(5.40%),B:714.7(1.51%),P:1e-14
0.821	0.061	0.040	0.078
0.683	0.104	0.159	0.054
0.073	0.771	0.112	0.044
0.048	0.848	0.103	0.001
0.834	0.107	0.024	0.035
0.025	0.120	0.814	0.041
0.001	0.983	0.015	0.001
0.081	0.017	0.035	0.867
0.024	0.102	0.857	0.017
0.824	0.059	0.065	0.052
0.001	0.011	0.964	0.024
0.088	0.738	0.078	0.096
