>CTCTGCTGAGTC	17-CTCTGCTGAGTC	9.699307	-22.959091	0	T:37.0(3.63%),B:487.6(1.03%),P:1e-9
0.001	0.879	0.001	0.119
0.063	0.138	0.023	0.776
0.031	0.841	0.127	0.001
0.001	0.057	0.082	0.860
0.031	0.078	0.806	0.085
0.001	0.973	0.025	0.001
0.182	0.094	0.031	0.693
0.001	0.105	0.893	0.001
0.758	0.054	0.144	0.044
0.111	0.014	0.874	0.001
0.097	0.102	0.030	0.771
0.031	0.884	0.052	0.033
