>GCAGCTGTGCCT	12-GCAGCTGTGCCT	9.246638	-29.806713	0	T:81.0(7.95%),B:1498.6(3.16%),P:1e-12
0.091	0.068	0.799	0.042
0.053	0.867	0.079	0.001
0.836	0.059	0.026	0.079
0.063	0.009	0.881	0.047
0.021	0.945	0.033	0.001
0.059	0.050	0.053	0.838
0.001	0.054	0.834	0.111
0.049	0.101	0.104	0.746
0.036	0.126	0.804	0.034
0.100	0.815	0.029	0.056
0.001	0.903	0.038	0.058
0.076	0.100	0.087	0.737
