>ACCCCCCAGGGA	5-TCCCTGGGGGGT	9.343433	-34.015123	0	T:62.0(6.08%),B:882.9(1.86%),P:1e-14
0.644	0.143	0.140	0.073
0.001	0.846	0.152	0.001
0.058	0.832	0.001	0.109
0.046	0.860	0.043	0.051
0.103	0.744	0.001	0.152
0.057	0.807	0.084	0.052
0.061	0.937	0.001	0.001
0.885	0.002	0.063	0.050
0.032	0.026	0.888	0.054
0.142	0.001	0.780	0.077
0.025	0.031	0.943	0.001
0.799	0.066	0.088	0.047
