>TTTTTAATTAGC	9-TTTTTAATTAGC	9.049313	-32.030929	0	T:30.0(2.94%),B:228.7(0.48%),P:1e-13
0.033	0.033	0.099	0.835
0.066	0.099	0.033	0.802
0.066	0.099	0.001	0.834
0.099	0.066	0.033	0.802
0.033	0.033	0.066	0.868
0.851	0.099	0.001	0.049
0.956	0.001	0.001	0.042
0.090	0.001	0.033	0.876
0.035	0.066	0.090	0.809
0.676	0.066	0.066	0.192
0.065	0.001	0.933	0.001
0.068	0.765	0.101	0.066
