>SCCTCGCCCCTC	22-GAGGGGCGAGGS	9.180516	-17.464636	0	T:148.0(14.52%),B:4361.7(9.19%),P:1e-7
0.114	0.314	0.428	0.143
0.097	0.852	0.032	0.019
0.030	0.927	0.019	0.024
0.079	0.304	0.116	0.501
0.001	0.827	0.157	0.015
0.099	0.041	0.721	0.139
0.001	0.899	0.047	0.053
0.011	0.759	0.103	0.127
0.001	0.810	0.018	0.171
0.019	0.961	0.019	0.001
0.067	0.141	0.165	0.627
0.001	0.814	0.168	0.017
