>TCCCTGGGGGGT	5-TCCCTGGGGGGT,BestGuess:EBF1.EBF1.EBF(0.822)	9.343433	-34.015123	0	T:62.0(6.08%),B:882.9(1.86%),P:1e-14
0.047	0.088	0.066	0.799
0.001	0.943	0.031	0.025
0.077	0.780	0.001	0.142
0.054	0.888	0.026	0.032
0.050	0.063	0.002	0.885
0.001	0.001	0.937	0.061
0.052	0.084	0.807	0.057
0.152	0.001	0.744	0.103
0.051	0.043	0.860	0.046
0.109	0.001	0.832	0.058
0.001	0.152	0.846	0.001
0.073	0.140	0.143	0.644
