>GSCAGCTG	1-GSCAGCTG	6.255034	-23.250925	0	T:98.0(46.89%),B:12634.4(26.05%),P:1e-10	Tpos:95.8,Tstd:57.3,Bpos:100.4,Bstd:67.8,StrandBias:0.1,Multiplicity:1.32
0.174	0.218	0.468	0.140
0.183	0.264	0.380	0.173
0.001	0.997	0.001	0.001
0.713	0.001	0.190	0.096
0.001	0.001	0.997	0.001
0.358	0.640	0.001	0.001
0.001	0.001	0.001	0.997
0.001	0.001	0.997	0.001
>STWTGGCA	2-STWTGGCA	5.991238	-18.805596	0	T:43.0(20.57%),B:3841.5(7.92%),P:1e-8	Tpos:109.8,Tstd:51.7,Bpos:99.3,Bstd:64.2,StrandBias:0.6,Multiplicity:1.09
0.034	0.409	0.336	0.221
0.012	0.156	0.169	0.663
0.395	0.222	0.128	0.256
0.013	0.101	0.002	0.884
0.143	0.001	0.701	0.155
0.062	0.217	0.720	0.001
0.182	0.486	0.121	0.211
0.854	0.001	0.082	0.063
>ACTGCTGT	3-ACTGCTGT	5.994528	-15.987118	0	T:81.0(38.76%),B:10961.6(22.61%),P:1e-6	Tpos:106.4,Tstd:51.8,Bpos:100.2,Bstd:65.4,StrandBias:-0.1,Multiplicity:1.25
0.904	0.021	0.001	0.074
0.212	0.594	0.137	0.057
0.063	0.001	0.001	0.935
0.137	0.080	0.582	0.201
0.002	0.765	0.043	0.190
0.051	0.021	0.025	0.903
0.045	0.165	0.665	0.125
0.205	0.039	0.082	0.674
>TTTAGCGT	4-TTTAGCGT	9.326353	-13.930275	0	T:6.0(2.87%),B:72.6(0.15%),P:1e-6	Tpos:147.8,Tstd:50.5,Bpos:103.0,Bstd:59.8,StrandBias:1.0,Multiplicity:1.00
0.175	0.001	0.001	0.823
0.001	0.001	0.001	0.997
0.001	0.001	0.001	0.997
0.997	0.001	0.001	0.001
0.001	0.001	0.997	0.001
0.001	0.997	0.001	0.001
0.001	0.001	0.997	0.001
0.001	0.001	0.001	0.997
>GGGGGGGG	5-GGGGGGGG	8.591530	-9.598022	0	T:29.0(13.88%),B:3082.0(6.36%),P:1e-4	Tpos:99.0,Tstd:50.0,Bpos:91.7,Bstd:56.8,StrandBias:0.7,Multiplicity:1.48
0.001	0.001	0.991	0.007
0.019	0.001	0.971	0.009
0.001	0.001	0.997	0.001
0.155	0.188	0.656	0.001
0.076	0.235	0.649	0.040
0.039	0.062	0.868	0.031
0.001	0.001	0.997	0.001
0.014	0.001	0.984	0.001
