>TTACTCAGCTGT	1-TTACTCAGCTGT	9.351686	-36.079190	0	T:21.0(10.05%),B:408.8(0.84%),P:1e-15	Tpos:102.0,Tstd:60.7,Bpos:100.5,Bstd:63.6,StrandBias:0.4,Multiplicity:1.00
0.059	0.001	0.077	0.863
0.151	0.001	0.064	0.784
0.741	0.206	0.001	0.052
0.001	0.627	0.221	0.151
0.073	0.001	0.001	0.925
0.001	0.779	0.147	0.073
0.997	0.001	0.001	0.001
0.001	0.001	0.925	0.073
0.073	0.925	0.001	0.001
0.125	0.001	0.001	0.873
0.073	0.001	0.779	0.147
0.001	0.147	0.064	0.788
>TGTGAGGCAGGC	2-TGTGAGGCAGGC	13.699647	-23.137955	0	T:6.0(2.87%),B:15.7(0.03%),P:1e-10	Tpos:90.1,Tstd:61.3,Bpos:102.5,Bstd:59.1,StrandBias:2.6,Multiplicity:1.17
0.134	0.001	0.001	0.864
0.001	0.001	0.997	0.001
0.122	0.001	0.001	0.876
0.001	0.001	0.997	0.001
0.997	0.001	0.001	0.001
0.001	0.154	0.844	0.001
0.001	0.001	0.997	0.001
0.001	0.997	0.001	0.001
0.997	0.001	0.001	0.001
0.001	0.001	0.997	0.001
0.001	0.154	0.844	0.001
0.154	0.722	0.001	0.123
>GGCCGGATGACG	3-GGCCGGATGACG	14.522037	-22.228295	0	T:4.0(1.91%),B:2.4(0.01%),P:1e-9	Tpos:109.8,Tstd:35.5,Bpos:146.9,Bstd:10.5,StrandBias:1.6,Multiplicity:1.00
0.001	0.001	0.997	0.001
0.001	0.001	0.997	0.001
0.001	0.997	0.001	0.001
0.001	0.997	0.001	0.001
0.001	0.001	0.749	0.249
0.001	0.001	0.997	0.001
0.997	0.001	0.001	0.001
0.001	0.001	0.001	0.997
0.001	0.001	0.997	0.001
0.997	0.001	0.001	0.001
0.250	0.500	0.250	0.001
0.001	0.001	0.997	0.001
>CACTCTGGCAGA	4-CACTCTGGCAGA	14.259590	-21.700511	0	T:5.0(2.39%),B:8.1(0.02%),P:1e-9	Tpos:114.2,Tstd:47.5,Bpos:104.8,Bstd:58.4,StrandBias:0.6,Multiplicity:1.00
0.001	0.997	0.001	0.001
0.997	0.001	0.001	0.001
0.001	0.997	0.001	0.001
0.001	0.001	0.001	0.997
0.213	0.785	0.001	0.001
0.213	0.001	0.001	0.785
0.001	0.001	0.997	0.001
0.001	0.001	0.997	0.001
0.001	0.997	0.001	0.001
0.997	0.001	0.001	0.001
0.214	0.214	0.571	0.001
0.997	0.001	0.001	0.001
>AACACTCCCCAC	5-AACACTCCCCAC	10.917374	-21.279133	0	T:8.0(3.83%),B:64.7(0.13%),P:1e-9	Tpos:85.2,Tstd:39.1,Bpos:95.7,Bstd:62.1,StrandBias:0.7,Multiplicity:1.00
0.997	0.001	0.001	0.001
0.992	0.001	0.006	0.001
0.001	0.760	0.001	0.238
0.724	0.001	0.239	0.036
0.001	0.521	0.239	0.239
0.239	0.001	0.239	0.521
0.001	0.760	0.001	0.238
0.042	0.956	0.001	0.001
0.001	0.963	0.001	0.035
0.001	0.760	0.001	0.238
0.955	0.001	0.001	0.043
0.001	0.997	0.001	0.001
>ACAGCAGACTTG	6-ACAGCAGACTTG	12.320677	-19.552199	0	T:7.0(3.35%),B:50.6(0.10%),P:1e-8	Tpos:84.0,Tstd:31.1,Bpos:117.4,Bstd:46.2,StrandBias:-0.4,Multiplicity:1.00
0.576	0.422	0.001	0.001
0.232	0.476	0.001	0.291
0.997	0.001	0.001	0.001
0.001	0.290	0.708	0.001
0.001	0.997	0.001	0.001
0.997	0.001	0.001	0.001
0.001	0.001	0.997	0.001
0.793	0.001	0.205	0.001
0.001	0.766	0.001	0.232
0.001	0.216	0.001	0.782
0.001	0.001	0.001	0.997
0.001	0.001	0.997	0.001
>CTTTGCTCTCTG	7-CTTTGCTCTCTG	13.506031	-16.653744	0	T:6.0(2.87%),B:45.5(0.09%),P:1e-7	Tpos:72.1,Tstd:45.6,Bpos:102.7,Bstd:75.3,StrandBias:1.6,Multiplicity:1.33
0.001	0.997	0.001	0.001
0.001	0.001	0.001	0.997
0.001	0.115	0.001	0.883
0.186	0.001	0.001	0.812
0.001	0.001	0.896	0.102
0.163	0.835	0.001	0.001
0.001	0.001	0.001	0.997
0.001	0.997	0.001	0.001
0.001	0.001	0.001	0.997
0.001	0.849	0.001	0.149
0.001	0.001	0.001	0.997
0.001	0.139	0.859	0.001
>GAGGGGGAGGGG	8-GAGGGGGAGGGG	8.463612	-10.483772	0	T:32.0(15.31%),B:3405.8(7.02%),P:1e-4	Tpos:101.6,Tstd:57.5,Bpos:95.8,Bstd:52.2,StrandBias:0.1,Multiplicity:1.25
0.100	0.100	0.700	0.100
0.700	0.100	0.100	0.100
0.100	0.100	0.700	0.100
0.100	0.100	0.700	0.100
0.100	0.100	0.700	0.100
0.100	0.100	0.700	0.100
0.100	0.100	0.700	0.100
0.700	0.100	0.100	0.100
0.100	0.100	0.700	0.100
0.100	0.100	0.700	0.100
0.100	0.100	0.700	0.100
0.100	0.100	0.700	0.100
