>TGTGACGCAG	1-TGTGACGCAG	10.376717	-24.678278	0	T:12.0(5.74%),B:170.5(0.35%),P:1e-10	Tpos:77.7,Tstd:63.3,Bpos:103.8,Bstd:56.3,StrandBias:0.7,Multiplicity:1.08
0.001	0.001	0.001	0.997
0.001	0.001	0.997	0.001
0.001	0.001	0.114	0.884
0.001	0.001	0.997	0.001
0.843	0.155	0.001	0.001
0.001	0.717	0.281	0.001
0.001	0.069	0.858	0.072
0.001	0.997	0.001	0.001
0.997	0.001	0.001	0.001
0.001	0.155	0.843	0.001
>ACAGCTGTMT	2-ACAGCTGTMT	6.388499	-24.170361	0	T:68.0(32.54%),B:6999.5(14.43%),P:1e-10	Tpos:102.6,Tstd:52.9,Bpos:100.9,Bstd:67.0,StrandBias:0.2,Multiplicity:1.21
0.646	0.071	0.091	0.192
0.254	0.744	0.001	0.001
0.685	0.001	0.046	0.268
0.103	0.001	0.895	0.001
0.026	0.885	0.001	0.088
0.177	0.001	0.001	0.821
0.001	0.040	0.808	0.151
0.079	0.092	0.001	0.828
0.354	0.323	0.138	0.185
0.175	0.110	0.170	0.545
>AGAATACATT	3-AGAATACATT	9.754996	-23.560330	0	T:15.0(7.18%),B:350.5(0.72%),P:1e-10	Tpos:97.7,Tstd:55.5,Bpos:98.9,Bstd:58.8,StrandBias:1.0,Multiplicity:1.00
0.912	0.001	0.086	0.001
0.001	0.001	0.933	0.065
0.738	0.083	0.081	0.098
0.729	0.177	0.001	0.093
0.042	0.055	0.001	0.902
0.997	0.001	0.001	0.001
0.001	0.942	0.001	0.056
0.997	0.001	0.001	0.001
0.001	0.082	0.001	0.916
0.001	0.001	0.001	0.997
>AAAGAGCCMT	4-AAAGAGCCMT	7.327196	-22.846243	0	T:26.0(12.44%),B:1300.2(2.68%),P:1e-9	Tpos:113.4,Tstd:48.4,Bpos:102.1,Bstd:61.8,StrandBias:0.0,Multiplicity:1.04
0.665	0.124	0.148	0.063
0.575	0.132	0.292	0.001
0.655	0.028	0.308	0.009
0.342	0.009	0.626	0.023
0.546	0.197	0.234	0.023
0.157	0.049	0.567	0.227
0.005	0.594	0.393	0.008
0.057	0.655	0.008	0.280
0.350	0.445	0.001	0.203
0.053	0.037	0.134	0.776
>AGAGAAATCA	5-AGAGAAATCA	10.306124	-19.338298	0	T:15.0(7.18%),B:479.7(0.99%),P:1e-8	Tpos:76.9,Tstd:42.5,Bpos:101.6,Bstd:61.0,StrandBias:0.0,Multiplicity:1.07
0.908	0.001	0.001	0.090
0.001	0.001	0.997	0.001
0.914	0.001	0.084	0.001
0.069	0.001	0.847	0.083
0.891	0.001	0.001	0.107
0.997	0.001	0.001	0.001
0.841	0.080	0.001	0.078
0.001	0.070	0.049	0.880
0.001	0.860	0.138	0.001
0.926	0.001	0.001	0.072
>GGCYGGATCA	6-GGCYGGATCA	10.465366	-16.028182	0	T:8.0(3.83%),B:127.2(0.26%),P:1e-6	Tpos:101.1,Tstd:56.8,Bpos:98.9,Bstd:64.9,StrandBias:0.3,Multiplicity:1.12
0.001	0.001	0.997	0.001
0.106	0.307	0.586	0.001
0.001	0.997	0.001	0.001
0.001	0.437	0.001	0.561
0.001	0.001	0.997	0.001
0.250	0.212	0.537	0.001
0.997	0.001	0.001	0.001
0.074	0.001	0.001	0.924
0.001	0.677	0.321	0.001
0.997	0.001	0.001	0.001
>CAGCAGCTTA	7-CAGCAGCTTA	10.225546	-15.663796	0	T:13.0(6.22%),B:464.5(0.96%),P:1e-6	Tpos:109.9,Tstd:53.8,Bpos:97.8,Bstd:69.2,StrandBias:0.6,Multiplicity:1.15
0.113	0.753	0.001	0.133
0.997	0.001	0.001	0.001
0.001	0.001	0.997	0.001
0.001	0.863	0.135	0.001
0.997	0.001	0.001	0.001
0.001	0.001	0.997	0.001
0.001	0.997	0.001	0.001
0.001	0.114	0.001	0.884
0.109	0.001	0.074	0.816
0.785	0.057	0.072	0.086
>TGTCTCGASA	8-TGTCTCGASA	8.940123	-14.390299	0	T:10.0(4.78%),B:283.2(0.58%),P:1e-6	Tpos:135.7,Tstd:58.1,Bpos:101.5,Bstd:60.7,StrandBias:0.3,Multiplicity:1.10
0.001	0.003	0.059	0.937
0.001	0.001	0.982	0.016
0.001	0.346	0.014	0.639
0.001	0.985	0.013	0.001
0.345	0.001	0.001	0.653
0.244	0.741	0.001	0.014
0.001	0.014	0.971	0.014
0.965	0.031	0.003	0.001
0.001	0.346	0.409	0.244
0.653	0.345	0.001	0.001
>CTGCTTAGCA	9-CTGCTTAGCA	10.231823	-14.232682	0	T:9.0(4.31%),B:221.5(0.46%),P:1e-6	Tpos:107.7,Tstd:53.0,Bpos:97.9,Bstd:59.0,StrandBias:0.3,Multiplicity:1.22
0.080	0.918	0.001	0.001
0.001	0.204	0.001	0.794
0.001	0.106	0.892	0.001
0.106	0.892	0.001	0.001
0.001	0.001	0.001	0.997
0.001	0.064	0.053	0.882
0.932	0.001	0.001	0.066
0.001	0.001	0.901	0.097
0.001	0.997	0.001	0.001
0.876	0.122	0.001	0.001
>GGKGCGGGKC	10-GGKGCGGGKC	7.850637	-10.831763	0	T:27.0(12.92%),B:2573.7(5.31%),P:1e-4	Tpos:97.7,Tstd:55.8,Bpos:95.4,Bstd:59.4,StrandBias:0.2,Multiplicity:1.52
0.277	0.146	0.535	0.042
0.001	0.075	0.923	0.001
0.044	0.151	0.468	0.337
0.001	0.001	0.997	0.001
0.223	0.580	0.001	0.196
0.088	0.140	0.771	0.001
0.001	0.104	0.881	0.014
0.170	0.001	0.828	0.001
0.110	0.123	0.410	0.356
0.038	0.723	0.001	0.238
>GACACTAGGC	11-GACACTAGGC	6.404373	-8.615876	0	T:43.0(20.57%),B:5697.0(11.75%),P:1e-3	Tpos:98.5,Tstd:54.6,Bpos:100.0,Bstd:61.8,StrandBias:-0.6,Multiplicity:1.12
0.100	0.100	0.700	0.100
0.700	0.100	0.100	0.100
0.100	0.700	0.100	0.100
0.700	0.100	0.100	0.100
0.100	0.700	0.100	0.100
0.100	0.100	0.100	0.700
0.700	0.100	0.100	0.100
0.100	0.100	0.700	0.100
0.100	0.100	0.700	0.100
0.100	0.700	0.100	0.100
