>TGTGACGCAG	1-TGTGACGCAG	10.376717	-24.678278	0	T:12.0(5.74%),B:170.5(0.35%),P:1e-10	Tpos:77.7,Tstd:63.3,Bpos:103.8,Bstd:56.3,StrandBias:0.7,Multiplicity:1.08
0.001	0.001	0.001	0.997
0.001	0.001	0.997	0.001
0.001	0.001	0.114	0.884
0.001	0.001	0.997	0.001
0.843	0.155	0.001	0.001
0.001	0.717	0.281	0.001
0.001	0.069	0.858	0.072
0.001	0.997	0.001	0.001
0.997	0.001	0.001	0.001
0.001	0.155	0.843	0.001
>ACAGCTGTMT	2-ACAGCTGTMT	6.388499	-24.170361	0	T:68.0(32.54%),B:6999.5(14.43%),P:1e-10	Tpos:102.6,Tstd:52.9,Bpos:100.9,Bstd:67.0,StrandBias:0.2,Multiplicity:1.21
0.646	0.071	0.091	0.192
0.254	0.744	0.001	0.001
0.685	0.001	0.046	0.268
0.103	0.001	0.895	0.001
0.026	0.885	0.001	0.088
0.177	0.001	0.001	0.821
0.001	0.040	0.808	0.151
0.079	0.092	0.001	0.828
0.354	0.323	0.138	0.185
0.175	0.110	0.170	0.545
>AGAATACATT	3-AGAATACATT	9.754996	-23.560330	0	T:15.0(7.18%),B:350.5(0.72%),P:1e-10	Tpos:97.7,Tstd:55.5,Bpos:98.9,Bstd:58.8,StrandBias:1.0,Multiplicity:1.00
0.912	0.001	0.086	0.001
0.001	0.001	0.933	0.065
0.738	0.083	0.081	0.098
0.729	0.177	0.001	0.093
0.042	0.055	0.001	0.902
0.997	0.001	0.001	0.001
0.001	0.942	0.001	0.056
0.997	0.001	0.001	0.001
0.001	0.082	0.001	0.916
0.001	0.001	0.001	0.997
>AAAGAGCCMT	4-AAAGAGCCMT	7.327196	-22.846243	0	T:26.0(12.44%),B:1300.2(2.68%),P:1e-9	Tpos:113.4,Tstd:48.4,Bpos:102.1,Bstd:61.8,StrandBias:0.0,Multiplicity:1.04
0.665	0.124	0.148	0.063
0.575	0.132	0.292	0.001
0.655	0.028	0.308	0.009
0.342	0.009	0.626	0.023
0.546	0.197	0.234	0.023
0.157	0.049	0.567	0.227
0.005	0.594	0.393	0.008
0.057	0.655	0.008	0.280
0.350	0.445	0.001	0.203
0.053	0.037	0.134	0.776
>AGAGAAATCA	5-AGAGAAATCA	10.306124	-19.338298	0	T:15.0(7.18%),B:479.7(0.99%),P:1e-8	Tpos:76.9,Tstd:42.5,Bpos:101.6,Bstd:61.0,StrandBias:0.0,Multiplicity:1.07
0.908	0.001	0.001	0.090
0.001	0.001	0.997	0.001
0.914	0.001	0.084	0.001
0.069	0.001	0.847	0.083
0.891	0.001	0.001	0.107
0.997	0.001	0.001	0.001
0.841	0.080	0.001	0.078
0.001	0.070	0.049	0.880
0.001	0.860	0.138	0.001
0.926	0.001	0.001	0.072
>GGCYGGATCA	6-GGCYGGATCA	10.465366	-16.028182	0	T:8.0(3.83%),B:127.2(0.26%),P:1e-6	Tpos:101.1,Tstd:56.8,Bpos:98.9,Bstd:64.9,StrandBias:0.3,Multiplicity:1.12
0.001	0.001	0.997	0.001
0.106	0.307	0.586	0.001
0.001	0.997	0.001	0.001
0.001	0.437	0.001	0.561
0.001	0.001	0.997	0.001
0.250	0.212	0.537	0.001
0.997	0.001	0.001	0.001
0.074	0.001	0.001	0.924
0.001	0.677	0.321	0.001
0.997	0.001	0.001	0.001
>CAGCAGCTTA	7-CAGCAGCTTA	10.225546	-15.663796	0	T:13.0(6.22%),B:464.5(0.96%),P:1e-6	Tpos:109.9,Tstd:53.8,Bpos:97.8,Bstd:69.2,StrandBias:0.6,Multiplicity:1.15
0.113	0.753	0.001	0.133
0.997	0.001	0.001	0.001
0.001	0.001	0.997	0.001
0.001	0.863	0.135	0.001
0.997	0.001	0.001	0.001
0.001	0.001	0.997	0.001
0.001	0.997	0.001	0.001
0.001	0.114	0.001	0.884
0.109	0.001	0.074	0.816
0.785	0.057	0.072	0.086
>TGTCTCGASA	8-TGTCTCGASA	8.940123	-14.390299	0	T:10.0(4.78%),B:283.2(0.58%),P:1e-6	Tpos:135.7,Tstd:58.1,Bpos:101.5,Bstd:60.7,StrandBias:0.3,Multiplicity:1.10
0.001	0.003	0.059	0.937
0.001	0.001	0.982	0.016
0.001	0.346	0.014	0.639
0.001	0.985	0.013	0.001
0.345	0.001	0.001	0.653
0.244	0.741	0.001	0.014
0.001	0.014	0.971	0.014
0.965	0.031	0.003	0.001
0.001	0.346	0.409	0.244
0.653	0.345	0.001	0.001
>CTGCTTAGCA	9-CTGCTTAGCA	10.231823	-14.232682	0	T:9.0(4.31%),B:221.5(0.46%),P:1e-6	Tpos:107.7,Tstd:53.0,Bpos:97.9,Bstd:59.0,StrandBias:0.3,Multiplicity:1.22
0.080	0.918	0.001	0.001
0.001	0.204	0.001	0.794
0.001	0.106	0.892	0.001
0.106	0.892	0.001	0.001
0.001	0.001	0.001	0.997
0.001	0.064	0.053	0.882
0.932	0.001	0.001	0.066
0.001	0.001	0.901	0.097
0.001	0.997	0.001	0.001
0.876	0.122	0.001	0.001
>GGKGCGGGKC	10-GGKGCGGGKC	7.850637	-10.831763	0	T:27.0(12.92%),B:2573.7(5.31%),P:1e-4	Tpos:97.7,Tstd:55.8,Bpos:95.4,Bstd:59.4,StrandBias:0.2,Multiplicity:1.52
0.277	0.146	0.535	0.042
0.001	0.075	0.923	0.001
0.044	0.151	0.468	0.337
0.001	0.001	0.997	0.001
0.223	0.580	0.001	0.196
0.088	0.140	0.771	0.001
0.001	0.104	0.881	0.014
0.170	0.001	0.828	0.001
0.110	0.123	0.410	0.356
0.038	0.723	0.001	0.238
>GACACTAGGC	11-GACACTAGGC	6.404373	-8.615876	0	T:43.0(20.57%),B:5697.0(11.75%),P:1e-3	Tpos:98.5,Tstd:54.6,Bpos:100.0,Bstd:61.8,StrandBias:-0.6,Multiplicity:1.12
0.100	0.100	0.700	0.100
0.700	0.100	0.100	0.100
0.100	0.700	0.100	0.100
0.700	0.100	0.100	0.100
0.100	0.700	0.100	0.100
0.100	0.100	0.100	0.700
0.700	0.100	0.100	0.100
0.100	0.100	0.700	0.100
0.100	0.100	0.700	0.100
0.100	0.700	0.100	0.100
>TTACTCAGCTGT	1-TTACTCAGCTGT	9.351686	-36.079190	0	T:21.0(10.05%),B:408.8(0.84%),P:1e-15	Tpos:102.0,Tstd:60.7,Bpos:100.5,Bstd:63.6,StrandBias:0.4,Multiplicity:1.00
0.059	0.001	0.077	0.863
0.151	0.001	0.064	0.784
0.741	0.206	0.001	0.052
0.001	0.627	0.221	0.151
0.073	0.001	0.001	0.925
0.001	0.779	0.147	0.073
0.997	0.001	0.001	0.001
0.001	0.001	0.925	0.073
0.073	0.925	0.001	0.001
0.125	0.001	0.001	0.873
0.073	0.001	0.779	0.147
0.001	0.147	0.064	0.788
>TGTGAGGCAGGC	2-TGTGAGGCAGGC	13.699647	-23.137955	0	T:6.0(2.87%),B:15.7(0.03%),P:1e-10	Tpos:90.1,Tstd:61.3,Bpos:102.5,Bstd:59.1,StrandBias:2.6,Multiplicity:1.17
0.134	0.001	0.001	0.864
0.001	0.001	0.997	0.001
0.122	0.001	0.001	0.876
0.001	0.001	0.997	0.001
0.997	0.001	0.001	0.001
0.001	0.154	0.844	0.001
0.001	0.001	0.997	0.001
0.001	0.997	0.001	0.001
0.997	0.001	0.001	0.001
0.001	0.001	0.997	0.001
0.001	0.154	0.844	0.001
0.154	0.722	0.001	0.123
>GGCCGGATGACG	3-GGCCGGATGACG	14.522037	-22.228295	0	T:4.0(1.91%),B:2.4(0.01%),P:1e-9	Tpos:109.8,Tstd:35.5,Bpos:146.9,Bstd:10.5,StrandBias:1.6,Multiplicity:1.00
0.001	0.001	0.997	0.001
0.001	0.001	0.997	0.001
0.001	0.997	0.001	0.001
0.001	0.997	0.001	0.001
0.001	0.001	0.749	0.249
0.001	0.001	0.997	0.001
0.997	0.001	0.001	0.001
0.001	0.001	0.001	0.997
0.001	0.001	0.997	0.001
0.997	0.001	0.001	0.001
0.250	0.500	0.250	0.001
0.001	0.001	0.997	0.001
>CACTCTGGCAGA	4-CACTCTGGCAGA	14.259590	-21.700511	0	T:5.0(2.39%),B:8.1(0.02%),P:1e-9	Tpos:114.2,Tstd:47.5,Bpos:104.8,Bstd:58.4,StrandBias:0.6,Multiplicity:1.00
0.001	0.997	0.001	0.001
0.997	0.001	0.001	0.001
0.001	0.997	0.001	0.001
0.001	0.001	0.001	0.997
0.213	0.785	0.001	0.001
0.213	0.001	0.001	0.785
0.001	0.001	0.997	0.001
0.001	0.001	0.997	0.001
0.001	0.997	0.001	0.001
0.997	0.001	0.001	0.001
0.214	0.214	0.571	0.001
0.997	0.001	0.001	0.001
>AACACTCCCCAC	5-AACACTCCCCAC	10.917374	-21.279133	0	T:8.0(3.83%),B:64.7(0.13%),P:1e-9	Tpos:85.2,Tstd:39.1,Bpos:95.7,Bstd:62.1,StrandBias:0.7,Multiplicity:1.00
0.997	0.001	0.001	0.001
0.992	0.001	0.006	0.001
0.001	0.760	0.001	0.238
0.724	0.001	0.239	0.036
0.001	0.521	0.239	0.239
0.239	0.001	0.239	0.521
0.001	0.760	0.001	0.238
0.042	0.956	0.001	0.001
0.001	0.963	0.001	0.035
0.001	0.760	0.001	0.238
0.955	0.001	0.001	0.043
0.001	0.997	0.001	0.001
>ACAGCAGACTTG	6-ACAGCAGACTTG	12.320677	-19.552199	0	T:7.0(3.35%),B:50.6(0.10%),P:1e-8	Tpos:84.0,Tstd:31.1,Bpos:117.4,Bstd:46.2,StrandBias:-0.4,Multiplicity:1.00
0.576	0.422	0.001	0.001
0.232	0.476	0.001	0.291
0.997	0.001	0.001	0.001
0.001	0.290	0.708	0.001
0.001	0.997	0.001	0.001
0.997	0.001	0.001	0.001
0.001	0.001	0.997	0.001
0.793	0.001	0.205	0.001
0.001	0.766	0.001	0.232
0.001	0.216	0.001	0.782
0.001	0.001	0.001	0.997
0.001	0.001	0.997	0.001
>CTTTGCTCTCTG	7-CTTTGCTCTCTG	13.506031	-16.653744	0	T:6.0(2.87%),B:45.5(0.09%),P:1e-7	Tpos:72.1,Tstd:45.6,Bpos:102.7,Bstd:75.3,StrandBias:1.6,Multiplicity:1.33
0.001	0.997	0.001	0.001
0.001	0.001	0.001	0.997
0.001	0.115	0.001	0.883
0.186	0.001	0.001	0.812
0.001	0.001	0.896	0.102
0.163	0.835	0.001	0.001
0.001	0.001	0.001	0.997
0.001	0.997	0.001	0.001
0.001	0.001	0.001	0.997
0.001	0.849	0.001	0.149
0.001	0.001	0.001	0.997
0.001	0.139	0.859	0.001
>GAGGGGGAGGGG	8-GAGGGGGAGGGG	8.463612	-10.483772	0	T:32.0(15.31%),B:3405.8(7.02%),P:1e-4	Tpos:101.6,Tstd:57.5,Bpos:95.8,Bstd:52.2,StrandBias:0.1,Multiplicity:1.25
0.100	0.100	0.700	0.100
0.700	0.100	0.100	0.100
0.100	0.100	0.700	0.100
0.100	0.100	0.700	0.100
0.100	0.100	0.700	0.100
0.100	0.100	0.700	0.100
0.100	0.100	0.700	0.100
0.700	0.100	0.100	0.100
0.100	0.100	0.700	0.100
0.100	0.100	0.700	0.100
0.100	0.100	0.700	0.100
0.100	0.100	0.700	0.100
>GSCAGCTG	1-GSCAGCTG	6.255034	-23.250925	0	T:98.0(46.89%),B:12634.4(26.05%),P:1e-10	Tpos:95.8,Tstd:57.3,Bpos:100.4,Bstd:67.8,StrandBias:0.1,Multiplicity:1.32
0.174	0.218	0.468	0.140
0.183	0.264	0.380	0.173
0.001	0.997	0.001	0.001
0.713	0.001	0.190	0.096
0.001	0.001	0.997	0.001
0.358	0.640	0.001	0.001
0.001	0.001	0.001	0.997
0.001	0.001	0.997	0.001
>STWTGGCA	2-STWTGGCA	5.991238	-18.805596	0	T:43.0(20.57%),B:3841.5(7.92%),P:1e-8	Tpos:109.8,Tstd:51.7,Bpos:99.3,Bstd:64.2,StrandBias:0.6,Multiplicity:1.09
0.034	0.409	0.336	0.221
0.012	0.156	0.169	0.663
0.395	0.222	0.128	0.256
0.013	0.101	0.002	0.884
0.143	0.001	0.701	0.155
0.062	0.217	0.720	0.001
0.182	0.486	0.121	0.211
0.854	0.001	0.082	0.063
>ACTGCTGT	3-ACTGCTGT	5.994528	-15.987118	0	T:81.0(38.76%),B:10961.6(22.61%),P:1e-6	Tpos:106.4,Tstd:51.8,Bpos:100.2,Bstd:65.4,StrandBias:-0.1,Multiplicity:1.25
0.904	0.021	0.001	0.074
0.212	0.594	0.137	0.057
0.063	0.001	0.001	0.935
0.137	0.080	0.582	0.201
0.002	0.765	0.043	0.190
0.051	0.021	0.025	0.903
0.045	0.165	0.665	0.125
0.205	0.039	0.082	0.674
>TTTAGCGT	4-TTTAGCGT	9.326353	-13.930275	0	T:6.0(2.87%),B:72.6(0.15%),P:1e-6	Tpos:147.8,Tstd:50.5,Bpos:103.0,Bstd:59.8,StrandBias:1.0,Multiplicity:1.00
0.175	0.001	0.001	0.823
0.001	0.001	0.001	0.997
0.001	0.001	0.001	0.997
0.997	0.001	0.001	0.001
0.001	0.001	0.997	0.001
0.001	0.997	0.001	0.001
0.001	0.001	0.997	0.001
0.001	0.001	0.001	0.997
>GGGGGGGG	5-GGGGGGGG	8.591530	-9.598022	0	T:29.0(13.88%),B:3082.0(6.36%),P:1e-4	Tpos:99.0,Tstd:50.0,Bpos:91.7,Bstd:56.8,StrandBias:0.7,Multiplicity:1.48
0.001	0.001	0.991	0.007
0.019	0.001	0.971	0.009
0.001	0.001	0.997	0.001
0.155	0.188	0.656	0.001
0.076	0.235	0.649	0.040
0.039	0.062	0.868	0.031
0.001	0.001	0.997	0.001
0.014	0.001	0.984	0.001
