>VBABYTGGCA	1-VBABYTGGCA	6.417776	-6835.742252	0	T:14903.0(60.18%),B:6026.8(25.04%),P:1e-2968	Tpos:101.2,Tstd:51.3,Bpos:100.5,Bstd:76.6,StrandBias:0.0,Multiplicity:1.49
0.207	0.340	0.286	0.166
0.153	0.330	0.209	0.309
0.388	0.185	0.208	0.218
0.039	0.323	0.374	0.264
0.079	0.442	0.001	0.478
0.001	0.001	0.001	0.997
0.001	0.001	0.997	0.001
0.001	0.156	0.842	0.001
0.001	0.997	0.001	0.001
0.923	0.001	0.001	0.075
>TTGGCTGVRD	2-TTGGCTGVRD	4.636394	-5138.137178	0	T:16817.0(67.91%),B:8702.5(36.16%),P:1e-2231	Tpos:101.6,Tstd:53.4,Bpos:101.5,Bstd:73.6,StrandBias:-0.0,Multiplicity:1.31
0.001	0.038	0.001	0.960
0.001	0.001	0.001	0.997
0.001	0.001	0.997	0.001
0.001	0.001	0.997	0.001
0.001	0.997	0.001	0.001
0.373	0.024	0.001	0.602
0.183	0.241	0.543	0.033
0.339	0.249	0.281	0.131
0.301	0.190	0.340	0.170
0.366	0.068	0.325	0.241
>CCAGMTGGYY	3-CCAGMTGGYY	5.772299	-3986.105202	0	T:10148.0(40.98%),B:4071.8(16.92%),P:1e-1731	Tpos:101.5,Tstd:51.2,Bpos:98.7,Bstd:74.4,StrandBias:0.0,Multiplicity:1.17
0.237	0.528	0.234	0.001
0.001	0.997	0.001	0.001
0.997	0.001	0.001	0.001
0.001	0.001	0.707	0.291
0.540	0.458	0.001	0.001
0.001	0.001	0.001	0.997
0.001	0.001	0.997	0.001
0.001	0.062	0.854	0.083
0.050	0.439	0.018	0.493
0.152	0.351	0.195	0.303
>NNGCCAGCTG	4-NNGCCAGCTG	5.836033	-3047.768206	0	T:15219.0(61.46%),B:8895.7(36.96%),P:1e-1323	Tpos:100.8,Tstd:54.4,Bpos:99.6,Bstd:75.1,StrandBias:0.0,Multiplicity:1.21
0.263	0.228	0.223	0.286
0.257	0.287	0.225	0.231
0.269	0.161	0.426	0.144
0.066	0.593	0.152	0.189
0.083	0.915	0.001	0.001
0.751	0.001	0.001	0.247
0.060	0.093	0.647	0.200
0.044	0.954	0.001	0.001
0.167	0.001	0.001	0.831
0.001	0.072	0.867	0.060
>RCTGWCAGCH	5-RCTGWCAGCH	4.691874	-2009.981065	0	T:16986.0(68.59%),B:11716.8(48.68%),P:1e-872	Tpos:100.5,Tstd:54.8,Bpos:99.3,Bstd:71.6,StrandBias:0.0,Multiplicity:1.34
0.357	0.057	0.458	0.128
0.185	0.497	0.178	0.141
0.085	0.044	0.045	0.826
0.049	0.039	0.840	0.072
0.453	0.194	0.026	0.328
0.051	0.847	0.047	0.055
0.852	0.026	0.040	0.082
0.080	0.054	0.756	0.110
0.145	0.465	0.186	0.204
0.225	0.374	0.037	0.364
>BTAATTAVBH	6-BTAATTAVBH	6.283821	-740.235042	0	T:4290.0(17.32%),B:2276.9(9.46%),P:1e-321	Tpos:101.0,Tstd:54.6,Bpos:101.5,Bstd:67.3,StrandBias:0.0,Multiplicity:1.16
0.130	0.343	0.287	0.239
0.011	0.218	0.001	0.770
0.585	0.315	0.099	0.001
0.997	0.001	0.001	0.001
0.001	0.001	0.001	0.997
0.001	0.008	0.286	0.705
0.997	0.001	0.001	0.001
0.392	0.244	0.249	0.115
0.190	0.241	0.226	0.343
0.222	0.333	0.143	0.301
>AACAGACDGC	7-AACAGACDGC	6.214607	-703.432836	0	T:8805.0(35.56%),B:5985.3(24.87%),P:1e-305	Tpos:100.2,Tstd:55.7,Bpos:100.2,Bstd:70.0,StrandBias:-0.1,Multiplicity:1.11
0.588	0.205	0.206	0.001
0.543	0.129	0.327	0.001
0.001	0.997	0.001	0.001
0.997	0.001	0.001	0.001
0.001	0.073	0.925	0.001
0.543	0.208	0.248	0.001
0.181	0.563	0.255	0.001
0.208	0.149	0.326	0.317
0.001	0.194	0.631	0.174
0.012	0.535	0.111	0.342
>BWGYTGGSCY	8-BWGYTGGSCY	6.410290	-627.962126	0	T:8116.0(32.77%),B:5519.3(22.93%),P:1e-272	Tpos:98.1,Tstd:55.7,Bpos:100.9,Bstd:72.2,StrandBias:0.0,Multiplicity:1.12
0.001	0.283	0.370	0.346
0.341	0.001	0.233	0.425
0.203	0.122	0.674	0.001
0.001	0.436	0.001	0.562
0.001	0.001	0.012	0.986
0.226	0.001	0.523	0.250
0.001	0.120	0.593	0.286
0.158	0.475	0.347	0.019
0.001	0.997	0.001	0.001
0.001	0.503	0.001	0.495
>TCAATTGGAA	9-TCAATTGGAA	4.715935	-475.267904	0	T:6198.0(25.03%),B:4157.9(17.28%),P:1e-206	Tpos:99.3,Tstd:55.6,Bpos:100.3,Bstd:68.8,StrandBias:0.0,Multiplicity:1.14
0.120	0.166	0.144	0.570
0.133	0.591	0.129	0.147
0.659	0.136	0.070	0.135
0.581	0.130	0.136	0.153
0.138	0.127	0.124	0.611
0.129	0.069	0.136	0.666
0.158	0.071	0.608	0.163
0.165	0.145	0.559	0.131
0.587	0.158	0.131	0.124
0.567	0.154	0.129	0.150
>TGATTAATCG	10-TGATTAATCG	5.207400	-462.333293	0	T:6037.0(24.38%),B:4045.0(16.81%),P:1e-200	Tpos:100.8,Tstd:56.4,Bpos:98.6,Bstd:67.7,StrandBias:0.1,Multiplicity:1.13
0.076	0.007	0.043	0.874
0.085	0.061	0.782	0.072
0.718	0.099	0.070	0.113
0.091	0.098	0.089	0.722
0.103	0.062	0.103	0.732
0.703	0.087	0.091	0.119
0.755	0.085	0.068	0.092
0.083	0.074	0.090	0.753
0.150	0.428	0.230	0.192
0.105	0.184	0.533	0.178
>NTGCCAGAGT	11-NTGCCAGAGT	7.835002	-448.961869	0	T:2215.0(8.94%),B:1085.8(4.51%),P:1e-194	Tpos:98.7,Tstd:55.6,Bpos:107.1,Bstd:75.0,StrandBias:0.1,Multiplicity:1.03
0.295	0.206	0.176	0.323
0.106	0.001	0.035	0.858
0.031	0.044	0.901	0.024
0.058	0.804	0.042	0.096
0.112	0.852	0.001	0.035
0.974	0.001	0.001	0.024
0.001	0.080	0.828	0.091
0.793	0.001	0.031	0.175
0.006	0.004	0.989	0.001
0.227	0.227	0.078	0.467
>TTTCCAAGCG	12-TTTCCAAGCG	6.841115	-367.158937	0	T:3296.0(13.31%),B:1979.3(8.22%),P:1e-159	Tpos:100.8,Tstd:55.1,Bpos:101.8,Bstd:68.0,StrandBias:0.1,Multiplicity:1.05
0.047	0.114	0.074	0.765
0.055	0.063	0.046	0.836
0.067	0.049	0.008	0.876
0.007	0.903	0.056	0.034
0.083	0.891	0.007	0.019
0.873	0.084	0.009	0.034
0.909	0.021	0.034	0.036
0.098	0.058	0.822	0.022
0.216	0.571	0.104	0.109
0.146	0.175	0.556	0.123
>SCCTGGCTYT	13-SCCTGGCTYT	8.280610	-217.481927	0	T:1908.0(7.70%),B:1127.5(4.68%),P:1e-94	Tpos:98.9,Tstd:55.3,Bpos:98.8,Bstd:71.1,StrandBias:-0.0,Multiplicity:1.03
0.001	0.410	0.424	0.165
0.130	0.675	0.103	0.092
0.120	0.592	0.227	0.061
0.331	0.001	0.018	0.650
0.001	0.001	0.997	0.001
0.001	0.001	0.997	0.001
0.101	0.873	0.001	0.025
0.170	0.001	0.032	0.797
0.019	0.507	0.001	0.473
0.095	0.001	0.001	0.903
>CKGGCTCTCT	14-CKGGCTCTCT	10.286009	-183.031998	0	T:413.0(1.67%),B:134.8(0.56%),P:1e-79	Tpos:101.7,Tstd:55.6,Bpos:105.8,Bstd:64.3,StrandBias:-0.0,Multiplicity:1.01
0.001	0.997	0.001	0.001
0.001	0.001	0.477	0.521
0.001	0.001	0.997	0.001
0.001	0.001	0.997	0.001
0.001	0.997	0.001	0.001
0.307	0.001	0.001	0.691
0.001	0.997	0.001	0.001
0.001	0.200	0.195	0.604
0.001	0.997	0.001	0.001
0.001	0.001	0.001	0.997
>TCAGTRAACA	15-TCAGTRAACA	8.567911	-149.035955	0	T:620.0(2.50%),B:280.3(1.16%),P:1e-64	Tpos:99.8,Tstd:56.1,Bpos:92.4,Bstd:62.4,StrandBias:-0.1,Multiplicity:1.02
0.001	0.140	0.099	0.760
0.001	0.508	0.328	0.163
0.997	0.001	0.001	0.001
0.066	0.246	0.530	0.158
0.023	0.001	0.001	0.975
0.316	0.123	0.454	0.107
0.910	0.001	0.088	0.001
0.973	0.001	0.001	0.025
0.001	0.851	0.147	0.001
0.752	0.246	0.001	0.001
>VTTCTGGGCA	16-VTTCTGGGCA	5.769599	-127.433588	0	T:578.0(2.33%),B:271.2(1.13%),P:1e-55	Tpos:100.1,Tstd:52.6,Bpos:99.8,Bstd:71.3,StrandBias:0.2,Multiplicity:1.01
0.282	0.405	0.313	0.001
0.001	0.308	0.001	0.690
0.001	0.001	0.001	0.997
0.001	0.997	0.001	0.001
0.001	0.001	0.001	0.997
0.001	0.001	0.997	0.001
0.001	0.001	0.997	0.001
0.001	0.001	0.997	0.001
0.001	0.997	0.001	0.001
0.997	0.001	0.001	0.001
>ACTGGCAAGG	17-ACTGGCAAGG	8.691632	-95.632411	0	T:194.0(0.78%),B:59.6(0.25%),P:1e-41	Tpos:98.1,Tstd:62.8,Bpos:80.6,Bstd:44.8,StrandBias:0.5,Multiplicity:1.00
0.974	0.001	0.019	0.006
0.001	0.997	0.001	0.001
0.001	0.001	0.001	0.997
0.001	0.001	0.997	0.001
0.001	0.001	0.997	0.001
0.001	0.979	0.001	0.019
0.997	0.001	0.001	0.001
0.992	0.001	0.006	0.001
0.001	0.006	0.992	0.001
0.001	0.001	0.997	0.001
>AAAGAGCTGT	18-AAAGAGCTGT	11.451151	-80.177885	0	T:111.0(0.45%),B:25.1(0.10%),P:1e-34	Tpos:102.0,Tstd:56.8,Bpos:68.1,Bstd:39.7,StrandBias:0.1,Multiplicity:1.00
0.838	0.160	0.001	0.001
0.843	0.001	0.001	0.155
0.994	0.004	0.001	0.001
0.001	0.001	0.997	0.001
0.997	0.001	0.001	0.001
0.001	0.001	0.997	0.001
0.001	0.997	0.001	0.001
0.001	0.001	0.001	0.997
0.130	0.001	0.868	0.001
0.001	0.001	0.001	0.997
>CCAGTGGGCR	19-CCAGTGGGCR	9.591122	-59.798096	0	T:134.0(0.54%),B:44.4(0.18%),P:1e-25	Tpos:99.0,Tstd:55.2,Bpos:96.0,Bstd:61.3,StrandBias:0.2,Multiplicity:1.00
0.001	0.927	0.001	0.071
0.012	0.589	0.398	0.001
0.989	0.001	0.009	0.001
0.001	0.022	0.976	0.001
0.001	0.006	0.001	0.992
0.001	0.001	0.997	0.001
0.001	0.001	0.997	0.001
0.001	0.001	0.997	0.001
0.001	0.982	0.001	0.016
0.468	0.001	0.530	0.001
>CTCTGAATTG	20-CTCTGAATTG	8.405908	-46.681966	0	T:65.0(0.26%),B:15.3(0.06%),P:1e-20	Tpos:85.8,Tstd:56.0,Bpos:46.7,Bstd:26.4,StrandBias:-0.1,Multiplicity:1.00
0.266	0.732	0.001	0.001
0.001	0.001	0.001	0.997
0.001	0.997	0.001	0.001
0.001	0.006	0.001	0.992
0.001	0.006	0.992	0.001
0.997	0.001	0.001	0.001
0.997	0.001	0.001	0.001
0.001	0.001	0.001	0.997
0.001	0.001	0.001	0.997
0.001	0.001	0.997	0.001
>CGATGGCACW	21-CGATGGCACW	12.036278	-46.299216	0	T:67.0(0.27%),B:17.0(0.07%),P:1e-20	Tpos:96.1,Tstd:46.8,Bpos:99.0,Bstd:53.9,StrandBias:-0.4,Multiplicity:1.06
0.001	0.619	0.379	0.001
0.001	0.001	0.997	0.001
0.997	0.001	0.001	0.001
0.001	0.001	0.001	0.997
0.001	0.001	0.997	0.001
0.001	0.001	0.997	0.001
0.001	0.997	0.001	0.001
0.997	0.001	0.001	0.001
0.001	0.997	0.001	0.001
0.435	0.001	0.001	0.563
>TCACTTCCAA	22-TCACTTCCAA	10.296193	-41.667859	0	T:39.0(0.16%),B:6.7(0.03%),P:1e-18	Tpos:99.0,Tstd:51.7,Bpos:86.7,Bstd:30.8,StrandBias:-0.2,Multiplicity:1.00
0.100	0.100	0.100	0.700
0.100	0.700	0.100	0.100
0.700	0.100	0.100	0.100
0.100	0.700	0.100	0.100
0.100	0.100	0.100	0.700
0.100	0.100	0.100	0.700
0.100	0.700	0.100	0.100
0.100	0.700	0.100	0.100
0.700	0.100	0.100	0.100
0.700	0.100	0.100	0.100
>TGCGCTGACA	23-TGCGCTGACA	10.157101	-35.397173	0	T:146.0(0.59%),B:67.3(0.28%),P:1e-15	Tpos:107.6,Tstd:60.1,Bpos:67.4,Bstd:23.6,StrandBias:0.2,Multiplicity:1.00
0.108	0.002	0.001	0.889
0.108	0.001	0.827	0.064
0.154	0.737	0.001	0.108
0.088	0.153	0.758	0.001
0.001	0.977	0.001	0.021
0.001	0.110	0.044	0.845
0.001	0.001	0.997	0.001
0.871	0.001	0.020	0.108
0.107	0.891	0.001	0.001
0.807	0.020	0.001	0.172
>ACTGCTTTCA	24-ACTGCTTTCA	9.125371	-23.928746	0	T:77.0(0.31%),B:32.5(0.14%),P:1e-10	Tpos:91.2,Tstd:49.7,Bpos:92.3,Bstd:4.5,StrandBias:0.9,Multiplicity:1.00
0.997	0.001	0.001	0.001
0.001	0.997	0.001	0.001
0.001	0.001	0.001	0.997
0.001	0.001	0.997	0.001
0.001	0.997	0.001	0.001
0.001	0.001	0.001	0.997
0.001	0.001	0.009	0.989
0.001	0.001	0.001	0.997
0.001	0.997	0.001	0.001
0.997	0.001	0.001	0.001
>ACTGGGAGCA	25-ACTGGGAGCA	10.393883	-20.604002	0	T:39.0(0.16%),B:12.8(0.05%),P:1e-8	Tpos:98.8,Tstd:54.1,Bpos:99.1,Bstd:46.9,StrandBias:0.0,Multiplicity:1.00
0.997	0.001	0.001	0.001
0.001	0.997	0.001	0.001
0.001	0.001	0.032	0.966
0.001	0.001	0.997	0.001
0.001	0.001	0.997	0.001
0.001	0.001	0.997	0.001
0.997	0.001	0.001	0.001
0.001	0.001	0.997	0.001
0.001	0.997	0.001	0.001
0.997	0.001	0.001	0.001
>BYYTGSCARRVN	1-BYYTGSCARRVN	2.895259	-4472.158003	0	T:10732.0(43.34%),B:4208.7(17.49%),P:1e-1942	Tpos:101.1,Tstd:52.3,Bpos:101.9,Bstd:73.4,StrandBias:-0.0,Multiplicity:1.20
0.041	0.300	0.303	0.357
0.001	0.470	0.141	0.388
0.001	0.547	0.001	0.451
0.001	0.001	0.001	0.997
0.001	0.001	0.997	0.001
0.001	0.508	0.490	0.001
0.001	0.997	0.001	0.001
0.997	0.001	0.001	0.001
0.488	0.001	0.510	0.001
0.351	0.210	0.439	0.001
0.402	0.287	0.310	0.001
0.323	0.277	0.203	0.197
>TTGGCWBDGGMT	2-TTGGCWBDGGMT	5.721260	-4092.741124	0	T:15937.0(64.36%),B:8667.4(36.01%),P:1e-1777	Tpos:101.3,Tstd:53.0,Bpos:99.6,Bstd:74.1,StrandBias:0.0,Multiplicity:1.32
0.001	0.351	0.001	0.647
0.001	0.001	0.001	0.997
0.001	0.001	0.997	0.001
0.001	0.001	0.997	0.001
0.001	0.997	0.001	0.001
0.459	0.001	0.001	0.539
0.001	0.406	0.274	0.319
0.251	0.127	0.307	0.315
0.139	0.170	0.499	0.192
0.199	0.175	0.440	0.185
0.315	0.396	0.152	0.137
0.126	0.108	0.273	0.493
>GGCAVVVTGCCA	3-GGCAVVVTGCCA	6.571907	-3982.622460	0	T:7803.0(31.51%),B:2553.8(10.61%),P:1e-1729	Tpos:102.3,Tstd:49.2,Bpos:101.3,Bstd:71.4,StrandBias:-0.0,Multiplicity:1.15
0.001	0.001	0.997	0.001
0.001	0.001	0.997	0.001
0.252	0.704	0.043	0.001
0.596	0.212	0.001	0.191
0.231	0.356	0.238	0.175
0.247	0.320	0.287	0.145
0.255	0.307	0.295	0.143
0.329	0.044	0.121	0.506
0.001	0.001	0.817	0.181
0.001	0.997	0.001	0.001
0.001	0.997	0.001	0.001
0.875	0.101	0.001	0.023
>CTGCCAGCTGGC	4-CTGCCAGCTGGC	6.168364	-3178.974634	0	T:12152.0(49.07%),B:6124.4(25.45%),P:1e-1380	Tpos:101.5,Tstd:50.7,Bpos:100.8,Bstd:77.0,StrandBias:0.0,Multiplicity:1.46
0.154	0.488	0.202	0.156
0.239	0.044	0.129	0.588
0.046	0.088	0.776	0.090
0.105	0.555	0.303	0.037
0.026	0.945	0.023	0.006
0.868	0.011	0.006	0.115
0.087	0.050	0.692	0.171
0.162	0.716	0.078	0.044
0.178	0.054	0.006	0.762
0.044	0.065	0.788	0.103
0.040	0.295	0.491	0.174
0.146	0.525	0.143	0.186
>VARCAGATGGDV	5-VARCAGATGGDV	7.116635	-2333.687518	0	T:6044.0(24.41%),B:2289.7(9.51%),P:1e-1013	Tpos:100.9,Tstd:51.2,Bpos:97.4,Bstd:75.1,StrandBias:-0.0,Multiplicity:1.06
0.291	0.255	0.370	0.083
0.717	0.206	0.076	0.001
0.506	0.136	0.357	0.001
0.001	0.997	0.001	0.001
0.997	0.001	0.001	0.001
0.001	0.001	0.997	0.001
0.704	0.294	0.001	0.001
0.001	0.001	0.001	0.997
0.001	0.001	0.973	0.025
0.001	0.233	0.667	0.099
0.324	0.049	0.257	0.371
0.227	0.227	0.364	0.181
>AGWCCATATGGT	6-AGWCCATATGGT	7.115756	-890.772628	0	T:3034.0(12.25%),B:1275.6(5.30%),P:1e-386	Tpos:100.1,Tstd:53.8,Bpos:102.3,Bstd:68.9,StrandBias:-0.0,Multiplicity:1.04
0.647	0.006	0.119	0.228
0.145	0.276	0.478	0.101
0.322	0.081	0.202	0.394
0.067	0.756	0.126	0.051
0.035	0.953	0.001	0.011
0.898	0.044	0.005	0.053
0.104	0.156	0.131	0.609
0.733	0.042	0.147	0.078
0.006	0.001	0.029	0.964
0.023	0.001	0.937	0.039
0.024	0.166	0.701	0.109
0.177	0.199	0.107	0.517
>GGAGBBDGBCCA	7-GGAGBBDGBCCA	7.682179	-601.937492	0	T:2685.0(10.84%),B:1269.7(5.28%),P:1e-261	Tpos:99.8,Tstd:52.9,Bpos:98.5,Bstd:67.0,StrandBias:-0.0,Multiplicity:1.03
0.059	0.001	0.884	0.056
0.044	0.072	0.883	0.001
0.894	0.019	0.054	0.033
0.088	0.134	0.711	0.067
0.189	0.210	0.244	0.358
0.183	0.261	0.349	0.207
0.283	0.085	0.297	0.335
0.144	0.111	0.645	0.100
0.024	0.258	0.345	0.373
0.029	0.813	0.131	0.027
0.005	0.993	0.001	0.001
0.871	0.060	0.001	0.068
>WTGCMAATTAAA	8-WTGCMAATTAAA	5.240323	-572.432297	0	T:5782.0(23.35%),B:3652.3(15.18%),P:1e-248	Tpos:99.7,Tstd:55.3,Bpos:97.2,Bstd:69.9,StrandBias:0.0,Multiplicity:1.17
0.345	0.197	0.022	0.436
0.175	0.001	0.029	0.795
0.001	0.001	0.903	0.095
0.011	0.780	0.182	0.027
0.351	0.399	0.001	0.249
0.997	0.001	0.001	0.001
0.862	0.006	0.001	0.131
0.004	0.001	0.001	0.994
0.001	0.007	0.246	0.746
0.846	0.027	0.120	0.007
0.647	0.157	0.150	0.046
0.592	0.071	0.085	0.252
>ATGATTAATTAA	9-ATGATTAATTAA	6.092371	-541.772272	0	T:2710.0(10.94%),B:1341.3(5.57%),P:1e-235	Tpos:101.3,Tstd:53.8,Bpos:101.5,Bstd:68.5,StrandBias:0.0,Multiplicity:1.09
0.645	0.081	0.102	0.172
0.310	0.001	0.124	0.565
0.001	0.028	0.970	0.001
0.678	0.234	0.087	0.001
0.128	0.130	0.158	0.584
0.015	0.001	0.001	0.983
0.786	0.212	0.001	0.001
0.997	0.001	0.001	0.001
0.001	0.001	0.001	0.997
0.001	0.001	0.202	0.796
0.713	0.190	0.053	0.044
0.632	0.067	0.223	0.078
>TTGTTTGGCCAA	10-TTGTTTGGCCAA	7.058419	-311.298451	0	T:1662.0(6.71%),B:835.3(3.47%),P:1e-135	Tpos:99.7,Tstd:55.1,Bpos:99.0,Bstd:68.5,StrandBias:0.0,Multiplicity:1.02
0.110	0.126	0.116	0.648
0.094	0.065	0.125	0.716
0.112	0.150	0.567	0.171
0.084	0.139	0.084	0.693
0.072	0.140	0.117	0.671
0.087	0.045	0.105	0.763
0.095	0.068	0.667	0.170
0.087	0.150	0.605	0.158
0.133	0.641	0.123	0.103
0.146	0.682	0.065	0.107
0.720	0.129	0.052	0.099
0.630	0.110	0.146	0.114
>NATTAATCACAD	11-NATTAATCACAD	5.402814	-288.593642	0	T:4746.0(19.16%),B:3295.6(13.69%),P:1e-125	Tpos:99.3,Tstd:55.6,Bpos:99.0,Bstd:65.7,StrandBias:0.0,Multiplicity:1.10
0.264	0.250	0.263	0.223
0.628	0.124	0.103	0.145
0.152	0.110	0.121	0.617
0.141	0.121	0.145	0.593
0.606	0.143	0.123	0.128
0.617	0.122	0.114	0.147
0.162	0.103	0.125	0.610
0.123	0.635	0.124	0.118
0.706	0.108	0.055	0.131
0.138	0.635	0.130	0.097
0.722	0.083	0.060	0.135
0.232	0.182	0.367	0.219
>CACAGCTGAYGS	12-CACAGCTGAYGS	8.315528	-192.412346	0	T:1020.0(4.12%),B:509.2(2.12%),P:1e-83	Tpos:99.8,Tstd:54.5,Bpos:102.6,Bstd:75.7,StrandBias:-0.3,Multiplicity:1.02
0.249	0.432	0.218	0.102
0.915	0.028	0.040	0.017
0.029	0.953	0.017	0.001
0.982	0.001	0.001	0.016
0.001	0.005	0.993	0.001
0.017	0.965	0.017	0.001
0.083	0.001	0.001	0.915
0.001	0.023	0.971	0.005
0.989	0.005	0.001	0.005
0.108	0.416	0.191	0.285
0.102	0.062	0.757	0.079
0.199	0.254	0.357	0.190
>GCCAATAAATCA	13-GCCAATAAATCA	9.050856	-169.167276	0	T:431.0(1.74%),B:151.2(0.63%),P:1e-73	Tpos:102.9,Tstd:53.2,Bpos:101.9,Bstd:63.0,StrandBias:-0.0,Multiplicity:1.01
0.079	0.066	0.769	0.086
0.124	0.710	0.119	0.047
0.073	0.871	0.009	0.047
0.844	0.103	0.001	0.052
0.804	0.052	0.080	0.064
0.080	0.052	0.089	0.779
0.906	0.052	0.028	0.014
0.935	0.028	0.009	0.028
0.815	0.043	0.024	0.118
0.051	0.061	0.063	0.825
0.047	0.840	0.043	0.070
0.901	0.028	0.001	0.070
>AAAGAGCTGTCR	14-AAAGAGCTGTCR	10.964396	-159.881285	0	T:53.0(0.21%),B:1.9(0.01%),P:1e-69	Tpos:103.5,Tstd:49.0,Bpos:122.4,Bstd:22.4,StrandBias:-0.2,Multiplicity:1.00
0.884	0.063	0.042	0.011
0.705	0.112	0.102	0.081
0.639	0.001	0.264	0.096
0.193	0.079	0.666	0.062
0.811	0.005	0.074	0.110
0.050	0.008	0.909	0.033
0.043	0.932	0.024	0.001
0.117	0.002	0.001	0.880
0.005	0.108	0.838	0.049
0.005	0.123	0.130	0.742
0.095	0.475	0.231	0.199
0.345	0.165	0.313	0.176
>CTTGGATAATGA	15-CTTGGATAATGA	9.966718	-144.536004	0	T:156.0(0.63%),B:27.1(0.11%),P:1e-62	Tpos:95.7,Tstd:54.0,Bpos:77.9,Bstd:58.9,StrandBias:-0.1,Multiplicity:1.00
0.039	0.759	0.059	0.143
0.019	0.013	0.013	0.955
0.020	0.026	0.032	0.922
0.039	0.026	0.890	0.045
0.052	0.026	0.864	0.058
0.814	0.077	0.032	0.077
0.040	0.120	0.063	0.777
0.791	0.075	0.101	0.033
0.796	0.120	0.039	0.045
0.100	0.052	0.020	0.828
0.114	0.046	0.821	0.019
0.799	0.052	0.103	0.046
>AACAGCTTGTTT	16-AACAGCTTGTTT	8.211836	-142.867278	0	T:1112.0(4.49%),B:633.0(2.63%),P:1e-62	Tpos:100.8,Tstd:55.5,Bpos:97.5,Bstd:70.4,StrandBias:-0.2,Multiplicity:1.02
0.721	0.114	0.044	0.121
0.567	0.081	0.310	0.042
0.118	0.727	0.083	0.072
0.919	0.002	0.034	0.045
0.006	0.027	0.929	0.038
0.008	0.866	0.072	0.054
0.154	0.192	0.015	0.639
0.082	0.049	0.005	0.864
0.024	0.250	0.582	0.144
0.097	0.025	0.062	0.816
0.030	0.053	0.285	0.632
0.047	0.025	0.181	0.747
>YTGGCATCAACA	17-YTGGCATCAACA	11.828133	-136.763371	0	T:116.0(0.47%),B:15.1(0.06%),P:1e-59	Tpos:87.0,Tstd:50.9,Bpos:87.5,Bstd:40.8,StrandBias:0.0,Multiplicity:1.01
0.001	0.440	0.001	0.558
0.001	0.001	0.001	0.997
0.001	0.001	0.997	0.001
0.001	0.001	0.896	0.102
0.001	0.997	0.001	0.001
0.825	0.147	0.001	0.027
0.001	0.419	0.001	0.579
0.001	0.997	0.001	0.001
0.668	0.330	0.001	0.001
0.575	0.362	0.001	0.062
0.225	0.518	0.256	0.001
0.702	0.296	0.001	0.001
>TTGCCAAGTCAC	18-TTGCCAAGTCAC	11.578351	-122.570957	0	T:88.0(0.36%),B:9.9(0.04%),P:1e-53	Tpos:88.5,Tstd:52.1,Bpos:106.0,Bstd:16.2,StrandBias:0.6,Multiplicity:1.00
0.001	0.056	0.001	0.942
0.001	0.001	0.165	0.833
0.001	0.001	0.833	0.165
0.001	0.997	0.001	0.001
0.001	0.997	0.001	0.001
0.997	0.001	0.001	0.001
0.904	0.001	0.001	0.094
0.056	0.001	0.942	0.001
0.001	0.001	0.001	0.997
0.001	0.942	0.056	0.001
0.629	0.056	0.001	0.314
0.001	0.997	0.001	0.001
>TTTGGCCCAGAT	19-TTTGGCCCAGAT	10.615386	-111.732926	0	T:151.0(0.61%),B:33.0(0.14%),P:1e-48	Tpos:99.4,Tstd:52.7,Bpos:94.7,Bstd:54.7,StrandBias:-0.1,Multiplicity:1.02
0.053	0.207	0.044	0.696
0.029	0.063	0.054	0.854
0.036	0.014	0.044	0.906
0.043	0.015	0.880	0.062
0.026	0.060	0.877	0.037
0.033	0.882	0.056	0.029
0.018	0.942	0.011	0.029
0.052	0.889	0.033	0.026
0.910	0.031	0.011	0.048
0.097	0.138	0.747	0.018
0.778	0.064	0.054	0.104
0.076	0.081	0.197	0.646
>TGACAGCTTTTC	20-TGACAGCTTTTC	11.433045	-90.495419	0	T:86.0(0.35%),B:13.6(0.06%),P:1e-39	Tpos:107.3,Tstd:60.6,Bpos:153.5,Bstd:35.4,StrandBias:-0.5,Multiplicity:1.00
0.001	0.001	0.090	0.908
0.016	0.047	0.936	0.001
0.936	0.001	0.016	0.047
0.016	0.967	0.001	0.016
0.967	0.016	0.001	0.016
0.001	0.001	0.951	0.047
0.016	0.892	0.091	0.001
0.001	0.091	0.016	0.892
0.047	0.001	0.001	0.951
0.001	0.015	0.001	0.983
0.001	0.047	0.091	0.861
0.001	0.796	0.202	0.001
>TCACTAGCCAAC	21-TCACTAGCCAAC	8.882718	-89.501027	0	T:42.0(0.17%),B:2.2(0.01%),P:1e-38	Tpos:93.2,Tstd:48.8,Bpos:71.9,Bstd:36.4,StrandBias:0.4,Multiplicity:1.00
0.114	0.102	0.107	0.677
0.083	0.721	0.099	0.097
0.683	0.128	0.050	0.139
0.101	0.669	0.121	0.109
0.133	0.147	0.054	0.666
0.605	0.089	0.164	0.142
0.114	0.122	0.648	0.116
0.125	0.643	0.135	0.097
0.126	0.719	0.058	0.097
0.701	0.147	0.053	0.099
0.645	0.107	0.131	0.117
0.138	0.620	0.139	0.103
>GGAATATGCATG	22-GGAATATGCATG	10.309676	-86.884766	0	T:47.0(0.19%),B:3.9(0.02%),P:1e-37	Tpos:115.2,Tstd:52.4,Bpos:156.0,Bstd:19.5,StrandBias:-0.6,Multiplicity:1.00
0.062	0.033	0.808	0.097
0.089	0.040	0.827	0.044
0.860	0.051	0.045	0.044
0.829	0.023	0.082	0.066
0.095	0.051	0.034	0.820
0.767	0.056	0.121	0.056
0.079	0.006	0.056	0.859
0.061	0.045	0.854	0.040
0.106	0.771	0.073	0.050
0.882	0.045	0.028	0.045
0.051	0.028	0.023	0.898
0.056	0.056	0.837	0.051
>TTGGCCAACTGT	23-TTGGCCAACTGT	11.075991	-86.756488	0	T:81.0(0.33%),B:12.3(0.05%),P:1e-37	Tpos:100.9,Tstd:53.1,Bpos:70.1,Bstd:27.9,StrandBias:0.1,Multiplicity:1.00
0.023	0.001	0.001	0.975
0.282	0.024	0.024	0.670
0.023	0.001	0.975	0.001
0.001	0.023	0.975	0.001
0.001	0.975	0.001	0.023
0.001	0.975	0.001	0.023
0.975	0.001	0.001	0.023
0.975	0.001	0.001	0.023
0.258	0.717	0.024	0.001
0.024	0.001	0.257	0.718
0.024	0.024	0.625	0.327
0.024	0.024	0.048	0.904
>GAAGACAGCCGG	24-GAAGACAGCCGG	10.282140	-58.819805	0	T:68.0(0.27%),B:13.1(0.05%),P:1e-25	Tpos:111.6,Tstd:49.5,Bpos:130.7,Bstd:38.5,StrandBias:0.5,Multiplicity:1.00
0.169	0.057	0.734	0.040
0.707	0.111	0.100	0.082
0.602	0.032	0.243	0.123
0.065	0.110	0.755	0.070
0.679	0.163	0.067	0.091
0.117	0.775	0.079	0.029
0.923	0.009	0.015	0.053
0.034	0.063	0.821	0.082
0.163	0.651	0.123	0.063
0.302	0.561	0.053	0.084
0.144	0.061	0.481	0.314
0.078	0.108	0.701	0.113
>AGTCTTGGCTGC	25-AGTCTTGGCTGC	12.229456	-48.331821	0	T:105.0(0.42%),B:34.4(0.14%),P:1e-20	Tpos:91.1,Tstd:52.0,Bpos:67.2,Bstd:12.5,StrandBias:0.9,Multiplicity:1.00
0.904	0.032	0.032	0.032
0.032	0.032	0.904	0.032
0.092	0.001	0.092	0.815
0.001	0.937	0.031	0.031
0.092	0.031	0.001	0.876
0.031	0.001	0.031	0.937
0.001	0.001	0.907	0.091
0.031	0.031	0.937	0.001
0.001	0.967	0.001	0.031
0.001	0.001	0.031	0.967
0.001	0.001	0.967	0.031
0.031	0.967	0.001	0.001
>NYTGCCAA	1-NYTGCCAA	2.172294	-6652.334650	0	T:13439.0(54.27%),B:5016.8(20.84%),P:1e-2889	Tpos:101.2,Tstd:52.4,Bpos:100.8,Bstd:76.6,StrandBias:-0.0,Multiplicity:1.36
0.304	0.216	0.235	0.245
0.001	0.512	0.001	0.486
0.001	0.001	0.001	0.997
0.001	0.001	0.997	0.001
0.001	0.847	0.151	0.001
0.001	0.997	0.001	0.001
0.997	0.001	0.001	0.001
0.741	0.001	0.257	0.001
>CAKCTGGC	2-CAKCTGGC	6.543821	-4341.867351	0	T:12159.0(49.10%),B:5322.9(22.12%),P:1e-1885	Tpos:101.8,Tstd:51.4,Bpos:99.6,Bstd:77.8,StrandBias:0.0,Multiplicity:1.32
0.001	0.881	0.117	0.001
0.967	0.001	0.031	0.001
0.001	0.001	0.561	0.437
0.124	0.694	0.001	0.181
0.001	0.001	0.001	0.997
0.001	0.001	0.997	0.001
0.001	0.261	0.588	0.150
0.001	0.605	0.001	0.393
>CAGMTGGN	3-CAGMTGGN	4.588157	-3344.884137	0	T:15841.0(63.97%),B:9205.1(38.25%),P:1e-1452	Tpos:101.8,Tstd:54.4,Bpos:99.2,Bstd:73.3,StrandBias:0.0,Multiplicity:1.18
0.120	0.866	0.013	0.001
0.651	0.061	0.126	0.162
0.149	0.086	0.488	0.277
0.315	0.450	0.116	0.119
0.196	0.185	0.064	0.555
0.105	0.105	0.660	0.130
0.066	0.209	0.493	0.232
0.190	0.264	0.258	0.289
>BBCTGGCA	4-BBCTGGCA	6.589698	-3340.826538	0	T:9336.0(37.70%),B:3884.6(16.14%),P:1e-1450	Tpos:100.4,Tstd:52.8,Bpos:99.4,Bstd:75.8,StrandBias:-0.0,Multiplicity:1.10
0.181	0.220	0.337	0.261
0.072	0.283	0.275	0.369
0.048	0.853	0.003	0.096
0.008	0.011	0.011	0.970
0.007	0.024	0.968	0.001
0.048	0.034	0.816	0.102
0.017	0.959	0.001	0.023
0.730	0.086	0.072	0.112
>GRKCCAAG	5-GRKCCAAG	5.833243	-3036.943225	0	T:13785.0(55.67%),B:7616.6(31.65%),P:1e-1318	Tpos:100.9,Tstd:55.0,Bpos:101.6,Bstd:70.5,StrandBias:-0.0,Multiplicity:1.18
0.001	0.256	0.600	0.143
0.429	0.001	0.352	0.218
0.001	0.001	0.532	0.466
0.001	0.997	0.001	0.001
0.001	0.997	0.001	0.001
0.997	0.001	0.001	0.001
0.997	0.001	0.001	0.001
0.363	0.094	0.542	0.001
>YTGGMARS	6-YTGGMARS	5.055293	-2382.077957	0	T:14071.0(56.82%),B:8492.5(35.29%),P:1e-1034	Tpos:100.6,Tstd:56.1,Bpos:101.3,Bstd:70.0,StrandBias:-0.0,Multiplicity:1.13
0.055	0.484	0.010	0.451
0.097	0.050	0.101	0.752
0.090	0.083	0.788	0.039
0.340	0.001	0.623	0.036
0.448	0.550	0.001	0.001
0.676	0.083	0.127	0.114
0.522	0.018	0.459	0.001
0.032	0.420	0.484	0.065
>CTGGCGKN	7-CTGGCGKN	5.520413	-2296.311031	0	T:13725.0(55.42%),B:8268.7(34.36%),P:1e-997	Tpos:101.3,Tstd:55.1,Bpos:97.7,Bstd:71.7,StrandBias:-0.0,Multiplicity:1.17
0.001	0.997	0.001	0.001
0.001	0.218	0.050	0.731
0.001	0.001	0.997	0.001
0.090	0.001	0.908	0.001
0.001	0.997	0.001	0.001
0.242	0.001	0.480	0.277
0.049	0.095	0.417	0.440
0.292	0.158	0.258	0.292
>RCAGCCAA	8-RCAGCCAA	6.749215	-1643.469086	0	T:8758.0(35.37%),B:4753.3(19.75%),P:1e-713	Tpos:101.5,Tstd:53.2,Bpos:101.2,Bstd:75.5,StrandBias:-0.0,Multiplicity:1.24
0.272	0.177	0.388	0.163
0.208	0.487	0.214	0.091
0.777	0.068	0.046	0.109
0.024	0.001	0.873	0.102
0.035	0.892	0.041	0.032
0.001	0.989	0.001	0.009
0.924	0.061	0.014	0.001
0.667	0.041	0.285	0.007
>MATTTGGC	9-MATTTGGC	4.567655	-1638.338800	0	T:15545.0(62.77%),B:10753.9(44.68%),P:1e-711	Tpos:99.9,Tstd:55.6,Bpos:98.3,Bstd:71.3,StrandBias:-0.0,Multiplicity:1.28
0.352	0.450	0.126	0.072
0.836	0.020	0.069	0.075
0.108	0.133	0.032	0.727
0.125	0.118	0.247	0.510
0.189	0.075	0.062	0.674
0.100	0.015	0.860	0.025
0.079	0.001	0.585	0.335
0.024	0.693	0.069	0.214
>AGCAGCCT	10-AGCAGCCT	5.904002	-1054.594436	0	T:11720.0(47.33%),B:7999.3(33.24%),P:1e-458	Tpos:100.7,Tstd:56.1,Bpos:101.3,Bstd:74.7,StrandBias:0.0,Multiplicity:1.16
0.600	0.001	0.398	0.001
0.001	0.023	0.975	0.001
0.001	0.997	0.001	0.001
0.607	0.001	0.001	0.391
0.001	0.001	0.997	0.001
0.135	0.712	0.152	0.001
0.001	0.796	0.001	0.202
0.001	0.331	0.087	0.581
>GGCTGTCA	11-GGCTGTCA	4.700288	-1035.661797	0	T:11085.0(44.76%),B:7458.3(30.99%),P:1e-449	Tpos:99.8,Tstd:55.5,Bpos:99.4,Bstd:72.8,StrandBias:-0.0,Multiplicity:1.23
0.143	0.001	0.703	0.153
0.049	0.058	0.824	0.069
0.001	0.985	0.001	0.013
0.001	0.014	0.007	0.978
0.001	0.042	0.927	0.030
0.026	0.017	0.001	0.956
0.013	0.874	0.044	0.069
0.921	0.036	0.001	0.042
>GCYAATTA	12-GCYAATTA	5.473865	-789.449159	0	T:6743.0(27.23%),B:4121.0(17.12%),P:1e-342	Tpos:100.6,Tstd:57.1,Bpos:100.6,Bstd:68.9,StrandBias:-0.1,Multiplicity:1.08
0.079	0.151	0.540	0.230
0.066	0.783	0.084	0.067
0.219	0.291	0.066	0.423
0.738	0.167	0.041	0.054
0.875	0.001	0.038	0.086
0.067	0.001	0.012	0.920
0.016	0.001	0.110	0.873
0.794	0.057	0.148	0.001
>TKCCCAGT	13-TKCCCAGT	6.261817	-767.955644	0	T:8055.0(32.53%),B:5238.6(21.77%),P:1e-333	Tpos:98.2,Tstd:56.0,Bpos:100.2,Bstd:70.7,StrandBias:-0.1,Multiplicity:1.11
0.035	0.001	0.132	0.832
0.001	0.001	0.444	0.554
0.001	0.652	0.002	0.345
0.136	0.819	0.001	0.044
0.149	0.796	0.054	0.001
0.996	0.001	0.002	0.001
0.191	0.324	0.484	0.001
0.120	0.001	0.024	0.855
>ATTAATTA	14-ATTAATTA	5.823666	-705.360153	0	T:4292.0(17.33%),B:2315.9(9.62%),P:1e-306	Tpos:101.3,Tstd:55.3,Bpos:101.8,Bstd:67.2,StrandBias:-0.0,Multiplicity:1.18
0.393	0.236	0.161	0.209
0.073	0.266	0.173	0.487
0.080	0.057	0.109	0.754
0.744	0.247	0.008	0.001
0.886	0.013	0.059	0.042
0.019	0.019	0.001	0.961
0.038	0.166	0.163	0.633
0.819	0.034	0.141	0.006
>BTAAATKA	15-BTAAATKA	4.974854	-465.477402	0	T:9395.0(37.94%),B:6968.3(28.95%),P:1e-202	Tpos:99.6,Tstd:56.7,Bpos:98.8,Bstd:68.0,StrandBias:0.0,Multiplicity:1.32
0.116	0.350	0.310	0.224
0.064	0.079	0.107	0.750
0.530	0.069	0.380	0.021
0.971	0.001	0.011	0.017
0.615	0.075	0.001	0.309
0.005	0.020	0.001	0.974
0.076	0.229	0.410	0.285
0.729	0.063	0.178	0.030
>GTWAACAG	16-GTWAACAG	5.591306	-437.571485	0	T:7390.0(29.84%),B:5250.7(21.82%),P:1e-190	Tpos:100.7,Tstd:57.0,Bpos:100.2,Bstd:69.1,StrandBias:-0.0,Multiplicity:1.14
0.285	0.166	0.514	0.035
0.144	0.295	0.001	0.560
0.411	0.189	0.039	0.360
0.928	0.069	0.001	0.002
0.620	0.008	0.055	0.317
0.030	0.687	0.035	0.248
0.948	0.002	0.005	0.045
0.205	0.190	0.604	0.001
>ATCTGTGC	17-ATCTGTGC	8.148040	-432.404966	0	T:1850.0(7.47%),B:852.2(3.54%),P:1e-187	Tpos:102.3,Tstd:56.3,Bpos:104.7,Bstd:75.8,StrandBias:0.1,Multiplicity:1.01
0.997	0.001	0.001	0.001
0.001	0.001	0.243	0.755
0.001	0.997	0.001	0.001
0.001	0.001	0.001	0.997
0.001	0.001	0.997	0.001
0.001	0.001	0.001	0.997
0.001	0.001	0.777	0.221
0.001	0.997	0.001	0.001
>STGCTGTT	18-STGCTGTT	7.303848	-391.279759	0	T:3711.0(14.99%),B:2268.9(9.43%),P:1e-169	Tpos:100.1,Tstd:57.0,Bpos:99.9,Bstd:73.4,StrandBias:0.0,Multiplicity:1.03
0.206	0.409	0.384	0.001
0.269	0.137	0.001	0.593
0.001	0.001	0.997	0.001
0.001	0.997	0.001	0.001
0.001	0.380	0.001	0.618
0.249	0.001	0.749	0.001
0.001	0.001	0.001	0.997
0.001	0.001	0.001	0.997
>TAVGCCAA	19-TAVGCCAA	6.492684	-274.129572	0	T:1733.0(7.00%),B:925.6(3.85%),P:1e-119	Tpos:98.4,Tstd:53.4,Bpos:105.4,Bstd:71.9,StrandBias:0.2,Multiplicity:1.02
0.055	0.284	0.075	0.586
0.813	0.120	0.029	0.038
0.285	0.384	0.299	0.032
0.054	0.001	0.870	0.075
0.088	0.857	0.030	0.025
0.076	0.781	0.032	0.111
0.851	0.001	0.092	0.056
0.967	0.001	0.031	0.001
>GCCAGGGA	20-GCCAGGGA	8.851027	-241.944660	0	T:1945.0(7.85%),B:1121.5(4.66%),P:1e-105	Tpos:102.6,Tstd:55.5,Bpos:102.8,Bstd:73.0,StrandBias:0.0,Multiplicity:1.03
0.001	0.001	0.786	0.212
0.001	0.997	0.001	0.001
0.001	0.997	0.001	0.001
0.997	0.001	0.001	0.001
0.001	0.001	0.997	0.001
0.138	0.001	0.860	0.001
0.001	0.001	0.997	0.001
0.997	0.001	0.001	0.001
>GCATTAAT	21-GCATTAAT	6.839720	-229.757989	0	T:1701.0(6.87%),B:955.6(3.97%),P:1e-99	Tpos:99.8,Tstd:55.1,Bpos:103.1,Bstd:65.5,StrandBias:0.1,Multiplicity:1.02
0.001	0.219	0.779	0.001
0.035	0.921	0.043	0.001
0.941	0.001	0.057	0.001
0.015	0.125	0.101	0.759
0.115	0.001	0.076	0.808
0.935	0.063	0.001	0.001
0.978	0.001	0.020	0.001
0.022	0.023	0.014	0.941
>CCTTCTGT	22-CCTTCTGT	6.624461	-197.060400	0	T:1844.0(7.45%),B:1108.3(4.61%),P:1e-85	Tpos:96.0,Tstd:55.2,Bpos:98.3,Bstd:68.2,StrandBias:-0.2,Multiplicity:1.01
0.121	0.877	0.001	0.001
0.001	0.997	0.001	0.001
0.001	0.001	0.117	0.881
0.001	0.001	0.091	0.907
0.092	0.906	0.001	0.001
0.001	0.001	0.001	0.997
0.001	0.001	0.997	0.001
0.001	0.001	0.001	0.997
>ACARWYTG	23-ACARWYTG	7.391534	-176.038004	0	T:2174.0(8.78%),B:1401.7(5.82%),P:1e-76	Tpos:100.6,Tstd:57.3,Bpos:100.9,Bstd:74.8,StrandBias:0.0,Multiplicity:1.03
0.655	0.115	0.053	0.177
0.001	0.997	0.001	0.001
0.979	0.001	0.013	0.007
0.501	0.034	0.464	0.001
0.395	0.003	0.235	0.366
0.001	0.506	0.001	0.492
0.002	0.001	0.051	0.946
0.001	0.206	0.687	0.106
>TGGGCACT	24-TGGGCACT	7.669482	-127.203573	0	T:1936.0(7.82%),B:1303.2(5.41%),P:1e-55	Tpos:98.9,Tstd:55.7,Bpos:99.3,Bstd:72.5,StrandBias:0.1,Multiplicity:1.03
0.001	0.060	0.001	0.938
0.069	0.097	0.833	0.001
0.001	0.001	0.897	0.101
0.001	0.075	0.923	0.001
0.001	0.997	0.001	0.001
0.797	0.001	0.001	0.201
0.001	0.997	0.001	0.001
0.001	0.001	0.001	0.997
>TAATYGCT	25-TAATYGCT	3.577585	-124.327901	0	T:1007.0(4.07%),B:579.6(2.41%),P:1e-53	Tpos:98.5,Tstd:56.5,Bpos:94.8,Bstd:69.5,StrandBias:-0.2,Multiplicity:1.01
0.001	0.001	0.001	0.997
0.997	0.001	0.001	0.001
0.997	0.001	0.001	0.001
0.001	0.001	0.001	0.997
0.001	0.442	0.001	0.556
0.001	0.001	0.997	0.001
0.001	0.997	0.001	0.001
0.001	0.357	0.001	0.641
