>VBABYTGGCA	1-VBABYTGGCA	6.417776	-6835.742252	0	T:14903.0(60.18%),B:6026.8(25.04%),P:1e-2968	Tpos:101.2,Tstd:51.3,Bpos:100.5,Bstd:76.6,StrandBias:0.0,Multiplicity:1.49
0.207	0.340	0.286	0.166
0.153	0.330	0.209	0.309
0.388	0.185	0.208	0.218
0.039	0.323	0.374	0.264
0.079	0.442	0.001	0.478
0.001	0.001	0.001	0.997
0.001	0.001	0.997	0.001
0.001	0.156	0.842	0.001
0.001	0.997	0.001	0.001
0.923	0.001	0.001	0.075
>TTGGCTGVRD	2-TTGGCTGVRD	4.636394	-5138.137178	0	T:16817.0(67.91%),B:8702.5(36.16%),P:1e-2231	Tpos:101.6,Tstd:53.4,Bpos:101.5,Bstd:73.6,StrandBias:-0.0,Multiplicity:1.31
0.001	0.038	0.001	0.960
0.001	0.001	0.001	0.997
0.001	0.001	0.997	0.001
0.001	0.001	0.997	0.001
0.001	0.997	0.001	0.001
0.373	0.024	0.001	0.602
0.183	0.241	0.543	0.033
0.339	0.249	0.281	0.131
0.301	0.190	0.340	0.170
0.366	0.068	0.325	0.241
>CCAGMTGGYY	3-CCAGMTGGYY	5.772299	-3986.105202	0	T:10148.0(40.98%),B:4071.8(16.92%),P:1e-1731	Tpos:101.5,Tstd:51.2,Bpos:98.7,Bstd:74.4,StrandBias:0.0,Multiplicity:1.17
0.237	0.528	0.234	0.001
0.001	0.997	0.001	0.001
0.997	0.001	0.001	0.001
0.001	0.001	0.707	0.291
0.540	0.458	0.001	0.001
0.001	0.001	0.001	0.997
0.001	0.001	0.997	0.001
0.001	0.062	0.854	0.083
0.050	0.439	0.018	0.493
0.152	0.351	0.195	0.303
>NNGCCAGCTG	4-NNGCCAGCTG	5.836033	-3047.768206	0	T:15219.0(61.46%),B:8895.7(36.96%),P:1e-1323	Tpos:100.8,Tstd:54.4,Bpos:99.6,Bstd:75.1,StrandBias:0.0,Multiplicity:1.21
0.263	0.228	0.223	0.286
0.257	0.287	0.225	0.231
0.269	0.161	0.426	0.144
0.066	0.593	0.152	0.189
0.083	0.915	0.001	0.001
0.751	0.001	0.001	0.247
0.060	0.093	0.647	0.200
0.044	0.954	0.001	0.001
0.167	0.001	0.001	0.831
0.001	0.072	0.867	0.060
>RCTGWCAGCH	5-RCTGWCAGCH	4.691874	-2009.981065	0	T:16986.0(68.59%),B:11716.8(48.68%),P:1e-872	Tpos:100.5,Tstd:54.8,Bpos:99.3,Bstd:71.6,StrandBias:0.0,Multiplicity:1.34
0.357	0.057	0.458	0.128
0.185	0.497	0.178	0.141
0.085	0.044	0.045	0.826
0.049	0.039	0.840	0.072
0.453	0.194	0.026	0.328
0.051	0.847	0.047	0.055
0.852	0.026	0.040	0.082
0.080	0.054	0.756	0.110
0.145	0.465	0.186	0.204
0.225	0.374	0.037	0.364
>BTAATTAVBH	6-BTAATTAVBH	6.283821	-740.235042	0	T:4290.0(17.32%),B:2276.9(9.46%),P:1e-321	Tpos:101.0,Tstd:54.6,Bpos:101.5,Bstd:67.3,StrandBias:0.0,Multiplicity:1.16
0.130	0.343	0.287	0.239
0.011	0.218	0.001	0.770
0.585	0.315	0.099	0.001
0.997	0.001	0.001	0.001
0.001	0.001	0.001	0.997
0.001	0.008	0.286	0.705
0.997	0.001	0.001	0.001
0.392	0.244	0.249	0.115
0.190	0.241	0.226	0.343
0.222	0.333	0.143	0.301
>AACAGACDGC	7-AACAGACDGC	6.214607	-703.432836	0	T:8805.0(35.56%),B:5985.3(24.87%),P:1e-305	Tpos:100.2,Tstd:55.7,Bpos:100.2,Bstd:70.0,StrandBias:-0.1,Multiplicity:1.11
0.588	0.205	0.206	0.001
0.543	0.129	0.327	0.001
0.001	0.997	0.001	0.001
0.997	0.001	0.001	0.001
0.001	0.073	0.925	0.001
0.543	0.208	0.248	0.001
0.181	0.563	0.255	0.001
0.208	0.149	0.326	0.317
0.001	0.194	0.631	0.174
0.012	0.535	0.111	0.342
>BWGYTGGSCY	8-BWGYTGGSCY	6.410290	-627.962126	0	T:8116.0(32.77%),B:5519.3(22.93%),P:1e-272	Tpos:98.1,Tstd:55.7,Bpos:100.9,Bstd:72.2,StrandBias:0.0,Multiplicity:1.12
0.001	0.283	0.370	0.346
0.341	0.001	0.233	0.425
0.203	0.122	0.674	0.001
0.001	0.436	0.001	0.562
0.001	0.001	0.012	0.986
0.226	0.001	0.523	0.250
0.001	0.120	0.593	0.286
0.158	0.475	0.347	0.019
0.001	0.997	0.001	0.001
0.001	0.503	0.001	0.495
>TCAATTGGAA	9-TCAATTGGAA	4.715935	-475.267904	0	T:6198.0(25.03%),B:4157.9(17.28%),P:1e-206	Tpos:99.3,Tstd:55.6,Bpos:100.3,Bstd:68.8,StrandBias:0.0,Multiplicity:1.14
0.120	0.166	0.144	0.570
0.133	0.591	0.129	0.147
0.659	0.136	0.070	0.135
0.581	0.130	0.136	0.153
0.138	0.127	0.124	0.611
0.129	0.069	0.136	0.666
0.158	0.071	0.608	0.163
0.165	0.145	0.559	0.131
0.587	0.158	0.131	0.124
0.567	0.154	0.129	0.150
>TGATTAATCG	10-TGATTAATCG	5.207400	-462.333293	0	T:6037.0(24.38%),B:4045.0(16.81%),P:1e-200	Tpos:100.8,Tstd:56.4,Bpos:98.6,Bstd:67.7,StrandBias:0.1,Multiplicity:1.13
0.076	0.007	0.043	0.874
0.085	0.061	0.782	0.072
0.718	0.099	0.070	0.113
0.091	0.098	0.089	0.722
0.103	0.062	0.103	0.732
0.703	0.087	0.091	0.119
0.755	0.085	0.068	0.092
0.083	0.074	0.090	0.753
0.150	0.428	0.230	0.192
0.105	0.184	0.533	0.178
>NTGCCAGAGT	11-NTGCCAGAGT	7.835002	-448.961869	0	T:2215.0(8.94%),B:1085.8(4.51%),P:1e-194	Tpos:98.7,Tstd:55.6,Bpos:107.1,Bstd:75.0,StrandBias:0.1,Multiplicity:1.03
0.295	0.206	0.176	0.323
0.106	0.001	0.035	0.858
0.031	0.044	0.901	0.024
0.058	0.804	0.042	0.096
0.112	0.852	0.001	0.035
0.974	0.001	0.001	0.024
0.001	0.080	0.828	0.091
0.793	0.001	0.031	0.175
0.006	0.004	0.989	0.001
0.227	0.227	0.078	0.467
>TTTCCAAGCG	12-TTTCCAAGCG	6.841115	-367.158937	0	T:3296.0(13.31%),B:1979.3(8.22%),P:1e-159	Tpos:100.8,Tstd:55.1,Bpos:101.8,Bstd:68.0,StrandBias:0.1,Multiplicity:1.05
0.047	0.114	0.074	0.765
0.055	0.063	0.046	0.836
0.067	0.049	0.008	0.876
0.007	0.903	0.056	0.034
0.083	0.891	0.007	0.019
0.873	0.084	0.009	0.034
0.909	0.021	0.034	0.036
0.098	0.058	0.822	0.022
0.216	0.571	0.104	0.109
0.146	0.175	0.556	0.123
>SCCTGGCTYT	13-SCCTGGCTYT	8.280610	-217.481927	0	T:1908.0(7.70%),B:1127.5(4.68%),P:1e-94	Tpos:98.9,Tstd:55.3,Bpos:98.8,Bstd:71.1,StrandBias:-0.0,Multiplicity:1.03
0.001	0.410	0.424	0.165
0.130	0.675	0.103	0.092
0.120	0.592	0.227	0.061
0.331	0.001	0.018	0.650
0.001	0.001	0.997	0.001
0.001	0.001	0.997	0.001
0.101	0.873	0.001	0.025
0.170	0.001	0.032	0.797
0.019	0.507	0.001	0.473
0.095	0.001	0.001	0.903
>CKGGCTCTCT	14-CKGGCTCTCT	10.286009	-183.031998	0	T:413.0(1.67%),B:134.8(0.56%),P:1e-79	Tpos:101.7,Tstd:55.6,Bpos:105.8,Bstd:64.3,StrandBias:-0.0,Multiplicity:1.01
0.001	0.997	0.001	0.001
0.001	0.001	0.477	0.521
0.001	0.001	0.997	0.001
0.001	0.001	0.997	0.001
0.001	0.997	0.001	0.001
0.307	0.001	0.001	0.691
0.001	0.997	0.001	0.001
0.001	0.200	0.195	0.604
0.001	0.997	0.001	0.001
0.001	0.001	0.001	0.997
>TCAGTRAACA	15-TCAGTRAACA	8.567911	-149.035955	0	T:620.0(2.50%),B:280.3(1.16%),P:1e-64	Tpos:99.8,Tstd:56.1,Bpos:92.4,Bstd:62.4,StrandBias:-0.1,Multiplicity:1.02
0.001	0.140	0.099	0.760
0.001	0.508	0.328	0.163
0.997	0.001	0.001	0.001
0.066	0.246	0.530	0.158
0.023	0.001	0.001	0.975
0.316	0.123	0.454	0.107
0.910	0.001	0.088	0.001
0.973	0.001	0.001	0.025
0.001	0.851	0.147	0.001
0.752	0.246	0.001	0.001
>VTTCTGGGCA	16-VTTCTGGGCA	5.769599	-127.433588	0	T:578.0(2.33%),B:271.2(1.13%),P:1e-55	Tpos:100.1,Tstd:52.6,Bpos:99.8,Bstd:71.3,StrandBias:0.2,Multiplicity:1.01
0.282	0.405	0.313	0.001
0.001	0.308	0.001	0.690
0.001	0.001	0.001	0.997
0.001	0.997	0.001	0.001
0.001	0.001	0.001	0.997
0.001	0.001	0.997	0.001
0.001	0.001	0.997	0.001
0.001	0.001	0.997	0.001
0.001	0.997	0.001	0.001
0.997	0.001	0.001	0.001
>ACTGGCAAGG	17-ACTGGCAAGG	8.691632	-95.632411	0	T:194.0(0.78%),B:59.6(0.25%),P:1e-41	Tpos:98.1,Tstd:62.8,Bpos:80.6,Bstd:44.8,StrandBias:0.5,Multiplicity:1.00
0.974	0.001	0.019	0.006
0.001	0.997	0.001	0.001
0.001	0.001	0.001	0.997
0.001	0.001	0.997	0.001
0.001	0.001	0.997	0.001
0.001	0.979	0.001	0.019
0.997	0.001	0.001	0.001
0.992	0.001	0.006	0.001
0.001	0.006	0.992	0.001
0.001	0.001	0.997	0.001
>AAAGAGCTGT	18-AAAGAGCTGT	11.451151	-80.177885	0	T:111.0(0.45%),B:25.1(0.10%),P:1e-34	Tpos:102.0,Tstd:56.8,Bpos:68.1,Bstd:39.7,StrandBias:0.1,Multiplicity:1.00
0.838	0.160	0.001	0.001
0.843	0.001	0.001	0.155
0.994	0.004	0.001	0.001
0.001	0.001	0.997	0.001
0.997	0.001	0.001	0.001
0.001	0.001	0.997	0.001
0.001	0.997	0.001	0.001
0.001	0.001	0.001	0.997
0.130	0.001	0.868	0.001
0.001	0.001	0.001	0.997
>CCAGTGGGCR	19-CCAGTGGGCR	9.591122	-59.798096	0	T:134.0(0.54%),B:44.4(0.18%),P:1e-25	Tpos:99.0,Tstd:55.2,Bpos:96.0,Bstd:61.3,StrandBias:0.2,Multiplicity:1.00
0.001	0.927	0.001	0.071
0.012	0.589	0.398	0.001
0.989	0.001	0.009	0.001
0.001	0.022	0.976	0.001
0.001	0.006	0.001	0.992
0.001	0.001	0.997	0.001
0.001	0.001	0.997	0.001
0.001	0.001	0.997	0.001
0.001	0.982	0.001	0.016
0.468	0.001	0.530	0.001
>CTCTGAATTG	20-CTCTGAATTG	8.405908	-46.681966	0	T:65.0(0.26%),B:15.3(0.06%),P:1e-20	Tpos:85.8,Tstd:56.0,Bpos:46.7,Bstd:26.4,StrandBias:-0.1,Multiplicity:1.00
0.266	0.732	0.001	0.001
0.001	0.001	0.001	0.997
0.001	0.997	0.001	0.001
0.001	0.006	0.001	0.992
0.001	0.006	0.992	0.001
0.997	0.001	0.001	0.001
0.997	0.001	0.001	0.001
0.001	0.001	0.001	0.997
0.001	0.001	0.001	0.997
0.001	0.001	0.997	0.001
>CGATGGCACW	21-CGATGGCACW	12.036278	-46.299216	0	T:67.0(0.27%),B:17.0(0.07%),P:1e-20	Tpos:96.1,Tstd:46.8,Bpos:99.0,Bstd:53.9,StrandBias:-0.4,Multiplicity:1.06
0.001	0.619	0.379	0.001
0.001	0.001	0.997	0.001
0.997	0.001	0.001	0.001
0.001	0.001	0.001	0.997
0.001	0.001	0.997	0.001
0.001	0.001	0.997	0.001
0.001	0.997	0.001	0.001
0.997	0.001	0.001	0.001
0.001	0.997	0.001	0.001
0.435	0.001	0.001	0.563
>TCACTTCCAA	22-TCACTTCCAA	10.296193	-41.667859	0	T:39.0(0.16%),B:6.7(0.03%),P:1e-18	Tpos:99.0,Tstd:51.7,Bpos:86.7,Bstd:30.8,StrandBias:-0.2,Multiplicity:1.00
0.100	0.100	0.100	0.700
0.100	0.700	0.100	0.100
0.700	0.100	0.100	0.100
0.100	0.700	0.100	0.100
0.100	0.100	0.100	0.700
0.100	0.100	0.100	0.700
0.100	0.700	0.100	0.100
0.100	0.700	0.100	0.100
0.700	0.100	0.100	0.100
0.700	0.100	0.100	0.100
>TGCGCTGACA	23-TGCGCTGACA	10.157101	-35.397173	0	T:146.0(0.59%),B:67.3(0.28%),P:1e-15	Tpos:107.6,Tstd:60.1,Bpos:67.4,Bstd:23.6,StrandBias:0.2,Multiplicity:1.00
0.108	0.002	0.001	0.889
0.108	0.001	0.827	0.064
0.154	0.737	0.001	0.108
0.088	0.153	0.758	0.001
0.001	0.977	0.001	0.021
0.001	0.110	0.044	0.845
0.001	0.001	0.997	0.001
0.871	0.001	0.020	0.108
0.107	0.891	0.001	0.001
0.807	0.020	0.001	0.172
>ACTGCTTTCA	24-ACTGCTTTCA	9.125371	-23.928746	0	T:77.0(0.31%),B:32.5(0.14%),P:1e-10	Tpos:91.2,Tstd:49.7,Bpos:92.3,Bstd:4.5,StrandBias:0.9,Multiplicity:1.00
0.997	0.001	0.001	0.001
0.001	0.997	0.001	0.001
0.001	0.001	0.001	0.997
0.001	0.001	0.997	0.001
0.001	0.997	0.001	0.001
0.001	0.001	0.001	0.997
0.001	0.001	0.009	0.989
0.001	0.001	0.001	0.997
0.001	0.997	0.001	0.001
0.997	0.001	0.001	0.001
>ACTGGGAGCA	25-ACTGGGAGCA	10.393883	-20.604002	0	T:39.0(0.16%),B:12.8(0.05%),P:1e-8	Tpos:98.8,Tstd:54.1,Bpos:99.1,Bstd:46.9,StrandBias:0.0,Multiplicity:1.00
0.997	0.001	0.001	0.001
0.001	0.997	0.001	0.001
0.001	0.001	0.032	0.966
0.001	0.001	0.997	0.001
0.001	0.001	0.997	0.001
0.001	0.001	0.997	0.001
0.997	0.001	0.001	0.001
0.001	0.001	0.997	0.001
0.001	0.997	0.001	0.001
0.997	0.001	0.001	0.001
