>BYYTGSCARRVN	1-BYYTGSCARRVN	2.895259	-4472.158003	0	T:10732.0(43.34%),B:4208.7(17.49%),P:1e-1942	Tpos:101.1,Tstd:52.3,Bpos:101.9,Bstd:73.4,StrandBias:-0.0,Multiplicity:1.20
0.041	0.300	0.303	0.357
0.001	0.470	0.141	0.388
0.001	0.547	0.001	0.451
0.001	0.001	0.001	0.997
0.001	0.001	0.997	0.001
0.001	0.508	0.490	0.001
0.001	0.997	0.001	0.001
0.997	0.001	0.001	0.001
0.488	0.001	0.510	0.001
0.351	0.210	0.439	0.001
0.402	0.287	0.310	0.001
0.323	0.277	0.203	0.197
>TTGGCWBDGGMT	2-TTGGCWBDGGMT	5.721260	-4092.741124	0	T:15937.0(64.36%),B:8667.4(36.01%),P:1e-1777	Tpos:101.3,Tstd:53.0,Bpos:99.6,Bstd:74.1,StrandBias:0.0,Multiplicity:1.32
0.001	0.351	0.001	0.647
0.001	0.001	0.001	0.997
0.001	0.001	0.997	0.001
0.001	0.001	0.997	0.001
0.001	0.997	0.001	0.001
0.459	0.001	0.001	0.539
0.001	0.406	0.274	0.319
0.251	0.127	0.307	0.315
0.139	0.170	0.499	0.192
0.199	0.175	0.440	0.185
0.315	0.396	0.152	0.137
0.126	0.108	0.273	0.493
>GGCAVVVTGCCA	3-GGCAVVVTGCCA	6.571907	-3982.622460	0	T:7803.0(31.51%),B:2553.8(10.61%),P:1e-1729	Tpos:102.3,Tstd:49.2,Bpos:101.3,Bstd:71.4,StrandBias:-0.0,Multiplicity:1.15
0.001	0.001	0.997	0.001
0.001	0.001	0.997	0.001
0.252	0.704	0.043	0.001
0.596	0.212	0.001	0.191
0.231	0.356	0.238	0.175
0.247	0.320	0.287	0.145
0.255	0.307	0.295	0.143
0.329	0.044	0.121	0.506
0.001	0.001	0.817	0.181
0.001	0.997	0.001	0.001
0.001	0.997	0.001	0.001
0.875	0.101	0.001	0.023
>CTGCCAGCTGGC	4-CTGCCAGCTGGC	6.168364	-3178.974634	0	T:12152.0(49.07%),B:6124.4(25.45%),P:1e-1380	Tpos:101.5,Tstd:50.7,Bpos:100.8,Bstd:77.0,StrandBias:0.0,Multiplicity:1.46
0.154	0.488	0.202	0.156
0.239	0.044	0.129	0.588
0.046	0.088	0.776	0.090
0.105	0.555	0.303	0.037
0.026	0.945	0.023	0.006
0.868	0.011	0.006	0.115
0.087	0.050	0.692	0.171
0.162	0.716	0.078	0.044
0.178	0.054	0.006	0.762
0.044	0.065	0.788	0.103
0.040	0.295	0.491	0.174
0.146	0.525	0.143	0.186
>VARCAGATGGDV	5-VARCAGATGGDV	7.116635	-2333.687518	0	T:6044.0(24.41%),B:2289.7(9.51%),P:1e-1013	Tpos:100.9,Tstd:51.2,Bpos:97.4,Bstd:75.1,StrandBias:-0.0,Multiplicity:1.06
0.291	0.255	0.370	0.083
0.717	0.206	0.076	0.001
0.506	0.136	0.357	0.001
0.001	0.997	0.001	0.001
0.997	0.001	0.001	0.001
0.001	0.001	0.997	0.001
0.704	0.294	0.001	0.001
0.001	0.001	0.001	0.997
0.001	0.001	0.973	0.025
0.001	0.233	0.667	0.099
0.324	0.049	0.257	0.371
0.227	0.227	0.364	0.181
>AGWCCATATGGT	6-AGWCCATATGGT	7.115756	-890.772628	0	T:3034.0(12.25%),B:1275.6(5.30%),P:1e-386	Tpos:100.1,Tstd:53.8,Bpos:102.3,Bstd:68.9,StrandBias:-0.0,Multiplicity:1.04
0.647	0.006	0.119	0.228
0.145	0.276	0.478	0.101
0.322	0.081	0.202	0.394
0.067	0.756	0.126	0.051
0.035	0.953	0.001	0.011
0.898	0.044	0.005	0.053
0.104	0.156	0.131	0.609
0.733	0.042	0.147	0.078
0.006	0.001	0.029	0.964
0.023	0.001	0.937	0.039
0.024	0.166	0.701	0.109
0.177	0.199	0.107	0.517
>GGAGBBDGBCCA	7-GGAGBBDGBCCA	7.682179	-601.937492	0	T:2685.0(10.84%),B:1269.7(5.28%),P:1e-261	Tpos:99.8,Tstd:52.9,Bpos:98.5,Bstd:67.0,StrandBias:-0.0,Multiplicity:1.03
0.059	0.001	0.884	0.056
0.044	0.072	0.883	0.001
0.894	0.019	0.054	0.033
0.088	0.134	0.711	0.067
0.189	0.210	0.244	0.358
0.183	0.261	0.349	0.207
0.283	0.085	0.297	0.335
0.144	0.111	0.645	0.100
0.024	0.258	0.345	0.373
0.029	0.813	0.131	0.027
0.005	0.993	0.001	0.001
0.871	0.060	0.001	0.068
>WTGCMAATTAAA	8-WTGCMAATTAAA	5.240323	-572.432297	0	T:5782.0(23.35%),B:3652.3(15.18%),P:1e-248	Tpos:99.7,Tstd:55.3,Bpos:97.2,Bstd:69.9,StrandBias:0.0,Multiplicity:1.17
0.345	0.197	0.022	0.436
0.175	0.001	0.029	0.795
0.001	0.001	0.903	0.095
0.011	0.780	0.182	0.027
0.351	0.399	0.001	0.249
0.997	0.001	0.001	0.001
0.862	0.006	0.001	0.131
0.004	0.001	0.001	0.994
0.001	0.007	0.246	0.746
0.846	0.027	0.120	0.007
0.647	0.157	0.150	0.046
0.592	0.071	0.085	0.252
>ATGATTAATTAA	9-ATGATTAATTAA	6.092371	-541.772272	0	T:2710.0(10.94%),B:1341.3(5.57%),P:1e-235	Tpos:101.3,Tstd:53.8,Bpos:101.5,Bstd:68.5,StrandBias:0.0,Multiplicity:1.09
0.645	0.081	0.102	0.172
0.310	0.001	0.124	0.565
0.001	0.028	0.970	0.001
0.678	0.234	0.087	0.001
0.128	0.130	0.158	0.584
0.015	0.001	0.001	0.983
0.786	0.212	0.001	0.001
0.997	0.001	0.001	0.001
0.001	0.001	0.001	0.997
0.001	0.001	0.202	0.796
0.713	0.190	0.053	0.044
0.632	0.067	0.223	0.078
>TTGTTTGGCCAA	10-TTGTTTGGCCAA	7.058419	-311.298451	0	T:1662.0(6.71%),B:835.3(3.47%),P:1e-135	Tpos:99.7,Tstd:55.1,Bpos:99.0,Bstd:68.5,StrandBias:0.0,Multiplicity:1.02
0.110	0.126	0.116	0.648
0.094	0.065	0.125	0.716
0.112	0.150	0.567	0.171
0.084	0.139	0.084	0.693
0.072	0.140	0.117	0.671
0.087	0.045	0.105	0.763
0.095	0.068	0.667	0.170
0.087	0.150	0.605	0.158
0.133	0.641	0.123	0.103
0.146	0.682	0.065	0.107
0.720	0.129	0.052	0.099
0.630	0.110	0.146	0.114
>NATTAATCACAD	11-NATTAATCACAD	5.402814	-288.593642	0	T:4746.0(19.16%),B:3295.6(13.69%),P:1e-125	Tpos:99.3,Tstd:55.6,Bpos:99.0,Bstd:65.7,StrandBias:0.0,Multiplicity:1.10
0.264	0.250	0.263	0.223
0.628	0.124	0.103	0.145
0.152	0.110	0.121	0.617
0.141	0.121	0.145	0.593
0.606	0.143	0.123	0.128
0.617	0.122	0.114	0.147
0.162	0.103	0.125	0.610
0.123	0.635	0.124	0.118
0.706	0.108	0.055	0.131
0.138	0.635	0.130	0.097
0.722	0.083	0.060	0.135
0.232	0.182	0.367	0.219
>CACAGCTGAYGS	12-CACAGCTGAYGS	8.315528	-192.412346	0	T:1020.0(4.12%),B:509.2(2.12%),P:1e-83	Tpos:99.8,Tstd:54.5,Bpos:102.6,Bstd:75.7,StrandBias:-0.3,Multiplicity:1.02
0.249	0.432	0.218	0.102
0.915	0.028	0.040	0.017
0.029	0.953	0.017	0.001
0.982	0.001	0.001	0.016
0.001	0.005	0.993	0.001
0.017	0.965	0.017	0.001
0.083	0.001	0.001	0.915
0.001	0.023	0.971	0.005
0.989	0.005	0.001	0.005
0.108	0.416	0.191	0.285
0.102	0.062	0.757	0.079
0.199	0.254	0.357	0.190
>GCCAATAAATCA	13-GCCAATAAATCA	9.050856	-169.167276	0	T:431.0(1.74%),B:151.2(0.63%),P:1e-73	Tpos:102.9,Tstd:53.2,Bpos:101.9,Bstd:63.0,StrandBias:-0.0,Multiplicity:1.01
0.079	0.066	0.769	0.086
0.124	0.710	0.119	0.047
0.073	0.871	0.009	0.047
0.844	0.103	0.001	0.052
0.804	0.052	0.080	0.064
0.080	0.052	0.089	0.779
0.906	0.052	0.028	0.014
0.935	0.028	0.009	0.028
0.815	0.043	0.024	0.118
0.051	0.061	0.063	0.825
0.047	0.840	0.043	0.070
0.901	0.028	0.001	0.070
>AAAGAGCTGTCR	14-AAAGAGCTGTCR	10.964396	-159.881285	0	T:53.0(0.21%),B:1.9(0.01%),P:1e-69	Tpos:103.5,Tstd:49.0,Bpos:122.4,Bstd:22.4,StrandBias:-0.2,Multiplicity:1.00
0.884	0.063	0.042	0.011
0.705	0.112	0.102	0.081
0.639	0.001	0.264	0.096
0.193	0.079	0.666	0.062
0.811	0.005	0.074	0.110
0.050	0.008	0.909	0.033
0.043	0.932	0.024	0.001
0.117	0.002	0.001	0.880
0.005	0.108	0.838	0.049
0.005	0.123	0.130	0.742
0.095	0.475	0.231	0.199
0.345	0.165	0.313	0.176
>CTTGGATAATGA	15-CTTGGATAATGA	9.966718	-144.536004	0	T:156.0(0.63%),B:27.1(0.11%),P:1e-62	Tpos:95.7,Tstd:54.0,Bpos:77.9,Bstd:58.9,StrandBias:-0.1,Multiplicity:1.00
0.039	0.759	0.059	0.143
0.019	0.013	0.013	0.955
0.020	0.026	0.032	0.922
0.039	0.026	0.890	0.045
0.052	0.026	0.864	0.058
0.814	0.077	0.032	0.077
0.040	0.120	0.063	0.777
0.791	0.075	0.101	0.033
0.796	0.120	0.039	0.045
0.100	0.052	0.020	0.828
0.114	0.046	0.821	0.019
0.799	0.052	0.103	0.046
>AACAGCTTGTTT	16-AACAGCTTGTTT	8.211836	-142.867278	0	T:1112.0(4.49%),B:633.0(2.63%),P:1e-62	Tpos:100.8,Tstd:55.5,Bpos:97.5,Bstd:70.4,StrandBias:-0.2,Multiplicity:1.02
0.721	0.114	0.044	0.121
0.567	0.081	0.310	0.042
0.118	0.727	0.083	0.072
0.919	0.002	0.034	0.045
0.006	0.027	0.929	0.038
0.008	0.866	0.072	0.054
0.154	0.192	0.015	0.639
0.082	0.049	0.005	0.864
0.024	0.250	0.582	0.144
0.097	0.025	0.062	0.816
0.030	0.053	0.285	0.632
0.047	0.025	0.181	0.747
>YTGGCATCAACA	17-YTGGCATCAACA	11.828133	-136.763371	0	T:116.0(0.47%),B:15.1(0.06%),P:1e-59	Tpos:87.0,Tstd:50.9,Bpos:87.5,Bstd:40.8,StrandBias:0.0,Multiplicity:1.01
0.001	0.440	0.001	0.558
0.001	0.001	0.001	0.997
0.001	0.001	0.997	0.001
0.001	0.001	0.896	0.102
0.001	0.997	0.001	0.001
0.825	0.147	0.001	0.027
0.001	0.419	0.001	0.579
0.001	0.997	0.001	0.001
0.668	0.330	0.001	0.001
0.575	0.362	0.001	0.062
0.225	0.518	0.256	0.001
0.702	0.296	0.001	0.001
>TTGCCAAGTCAC	18-TTGCCAAGTCAC	11.578351	-122.570957	0	T:88.0(0.36%),B:9.9(0.04%),P:1e-53	Tpos:88.5,Tstd:52.1,Bpos:106.0,Bstd:16.2,StrandBias:0.6,Multiplicity:1.00
0.001	0.056	0.001	0.942
0.001	0.001	0.165	0.833
0.001	0.001	0.833	0.165
0.001	0.997	0.001	0.001
0.001	0.997	0.001	0.001
0.997	0.001	0.001	0.001
0.904	0.001	0.001	0.094
0.056	0.001	0.942	0.001
0.001	0.001	0.001	0.997
0.001	0.942	0.056	0.001
0.629	0.056	0.001	0.314
0.001	0.997	0.001	0.001
>TTTGGCCCAGAT	19-TTTGGCCCAGAT	10.615386	-111.732926	0	T:151.0(0.61%),B:33.0(0.14%),P:1e-48	Tpos:99.4,Tstd:52.7,Bpos:94.7,Bstd:54.7,StrandBias:-0.1,Multiplicity:1.02
0.053	0.207	0.044	0.696
0.029	0.063	0.054	0.854
0.036	0.014	0.044	0.906
0.043	0.015	0.880	0.062
0.026	0.060	0.877	0.037
0.033	0.882	0.056	0.029
0.018	0.942	0.011	0.029
0.052	0.889	0.033	0.026
0.910	0.031	0.011	0.048
0.097	0.138	0.747	0.018
0.778	0.064	0.054	0.104
0.076	0.081	0.197	0.646
>TGACAGCTTTTC	20-TGACAGCTTTTC	11.433045	-90.495419	0	T:86.0(0.35%),B:13.6(0.06%),P:1e-39	Tpos:107.3,Tstd:60.6,Bpos:153.5,Bstd:35.4,StrandBias:-0.5,Multiplicity:1.00
0.001	0.001	0.090	0.908
0.016	0.047	0.936	0.001
0.936	0.001	0.016	0.047
0.016	0.967	0.001	0.016
0.967	0.016	0.001	0.016
0.001	0.001	0.951	0.047
0.016	0.892	0.091	0.001
0.001	0.091	0.016	0.892
0.047	0.001	0.001	0.951
0.001	0.015	0.001	0.983
0.001	0.047	0.091	0.861
0.001	0.796	0.202	0.001
>TCACTAGCCAAC	21-TCACTAGCCAAC	8.882718	-89.501027	0	T:42.0(0.17%),B:2.2(0.01%),P:1e-38	Tpos:93.2,Tstd:48.8,Bpos:71.9,Bstd:36.4,StrandBias:0.4,Multiplicity:1.00
0.114	0.102	0.107	0.677
0.083	0.721	0.099	0.097
0.683	0.128	0.050	0.139
0.101	0.669	0.121	0.109
0.133	0.147	0.054	0.666
0.605	0.089	0.164	0.142
0.114	0.122	0.648	0.116
0.125	0.643	0.135	0.097
0.126	0.719	0.058	0.097
0.701	0.147	0.053	0.099
0.645	0.107	0.131	0.117
0.138	0.620	0.139	0.103
>GGAATATGCATG	22-GGAATATGCATG	10.309676	-86.884766	0	T:47.0(0.19%),B:3.9(0.02%),P:1e-37	Tpos:115.2,Tstd:52.4,Bpos:156.0,Bstd:19.5,StrandBias:-0.6,Multiplicity:1.00
0.062	0.033	0.808	0.097
0.089	0.040	0.827	0.044
0.860	0.051	0.045	0.044
0.829	0.023	0.082	0.066
0.095	0.051	0.034	0.820
0.767	0.056	0.121	0.056
0.079	0.006	0.056	0.859
0.061	0.045	0.854	0.040
0.106	0.771	0.073	0.050
0.882	0.045	0.028	0.045
0.051	0.028	0.023	0.898
0.056	0.056	0.837	0.051
>TTGGCCAACTGT	23-TTGGCCAACTGT	11.075991	-86.756488	0	T:81.0(0.33%),B:12.3(0.05%),P:1e-37	Tpos:100.9,Tstd:53.1,Bpos:70.1,Bstd:27.9,StrandBias:0.1,Multiplicity:1.00
0.023	0.001	0.001	0.975
0.282	0.024	0.024	0.670
0.023	0.001	0.975	0.001
0.001	0.023	0.975	0.001
0.001	0.975	0.001	0.023
0.001	0.975	0.001	0.023
0.975	0.001	0.001	0.023
0.975	0.001	0.001	0.023
0.258	0.717	0.024	0.001
0.024	0.001	0.257	0.718
0.024	0.024	0.625	0.327
0.024	0.024	0.048	0.904
>GAAGACAGCCGG	24-GAAGACAGCCGG	10.282140	-58.819805	0	T:68.0(0.27%),B:13.1(0.05%),P:1e-25	Tpos:111.6,Tstd:49.5,Bpos:130.7,Bstd:38.5,StrandBias:0.5,Multiplicity:1.00
0.169	0.057	0.734	0.040
0.707	0.111	0.100	0.082
0.602	0.032	0.243	0.123
0.065	0.110	0.755	0.070
0.679	0.163	0.067	0.091
0.117	0.775	0.079	0.029
0.923	0.009	0.015	0.053
0.034	0.063	0.821	0.082
0.163	0.651	0.123	0.063
0.302	0.561	0.053	0.084
0.144	0.061	0.481	0.314
0.078	0.108	0.701	0.113
>AGTCTTGGCTGC	25-AGTCTTGGCTGC	12.229456	-48.331821	0	T:105.0(0.42%),B:34.4(0.14%),P:1e-20	Tpos:91.1,Tstd:52.0,Bpos:67.2,Bstd:12.5,StrandBias:0.9,Multiplicity:1.00
0.904	0.032	0.032	0.032
0.032	0.032	0.904	0.032
0.092	0.001	0.092	0.815
0.001	0.937	0.031	0.031
0.092	0.031	0.001	0.876
0.031	0.001	0.031	0.937
0.001	0.001	0.907	0.091
0.031	0.031	0.937	0.001
0.001	0.967	0.001	0.031
0.001	0.001	0.031	0.967
0.001	0.001	0.967	0.031
0.031	0.967	0.001	0.001
