>NYTGCCAA	1-NYTGCCAA	2.172294	-6652.334650	0	T:13439.0(54.27%),B:5016.8(20.84%),P:1e-2889	Tpos:101.2,Tstd:52.4,Bpos:100.8,Bstd:76.6,StrandBias:-0.0,Multiplicity:1.36
0.304	0.216	0.235	0.245
0.001	0.512	0.001	0.486
0.001	0.001	0.001	0.997
0.001	0.001	0.997	0.001
0.001	0.847	0.151	0.001
0.001	0.997	0.001	0.001
0.997	0.001	0.001	0.001
0.741	0.001	0.257	0.001
>CAKCTGGC	2-CAKCTGGC	6.543821	-4341.867351	0	T:12159.0(49.10%),B:5322.9(22.12%),P:1e-1885	Tpos:101.8,Tstd:51.4,Bpos:99.6,Bstd:77.8,StrandBias:0.0,Multiplicity:1.32
0.001	0.881	0.117	0.001
0.967	0.001	0.031	0.001
0.001	0.001	0.561	0.437
0.124	0.694	0.001	0.181
0.001	0.001	0.001	0.997
0.001	0.001	0.997	0.001
0.001	0.261	0.588	0.150
0.001	0.605	0.001	0.393
>CAGMTGGN	3-CAGMTGGN	4.588157	-3344.884137	0	T:15841.0(63.97%),B:9205.1(38.25%),P:1e-1452	Tpos:101.8,Tstd:54.4,Bpos:99.2,Bstd:73.3,StrandBias:0.0,Multiplicity:1.18
0.120	0.866	0.013	0.001
0.651	0.061	0.126	0.162
0.149	0.086	0.488	0.277
0.315	0.450	0.116	0.119
0.196	0.185	0.064	0.555
0.105	0.105	0.660	0.130
0.066	0.209	0.493	0.232
0.190	0.264	0.258	0.289
>BBCTGGCA	4-BBCTGGCA	6.589698	-3340.826538	0	T:9336.0(37.70%),B:3884.6(16.14%),P:1e-1450	Tpos:100.4,Tstd:52.8,Bpos:99.4,Bstd:75.8,StrandBias:-0.0,Multiplicity:1.10
0.181	0.220	0.337	0.261
0.072	0.283	0.275	0.369
0.048	0.853	0.003	0.096
0.008	0.011	0.011	0.970
0.007	0.024	0.968	0.001
0.048	0.034	0.816	0.102
0.017	0.959	0.001	0.023
0.730	0.086	0.072	0.112
>GRKCCAAG	5-GRKCCAAG	5.833243	-3036.943225	0	T:13785.0(55.67%),B:7616.6(31.65%),P:1e-1318	Tpos:100.9,Tstd:55.0,Bpos:101.6,Bstd:70.5,StrandBias:-0.0,Multiplicity:1.18
0.001	0.256	0.600	0.143
0.429	0.001	0.352	0.218
0.001	0.001	0.532	0.466
0.001	0.997	0.001	0.001
0.001	0.997	0.001	0.001
0.997	0.001	0.001	0.001
0.997	0.001	0.001	0.001
0.363	0.094	0.542	0.001
>YTGGMARS	6-YTGGMARS	5.055293	-2382.077957	0	T:14071.0(56.82%),B:8492.5(35.29%),P:1e-1034	Tpos:100.6,Tstd:56.1,Bpos:101.3,Bstd:70.0,StrandBias:-0.0,Multiplicity:1.13
0.055	0.484	0.010	0.451
0.097	0.050	0.101	0.752
0.090	0.083	0.788	0.039
0.340	0.001	0.623	0.036
0.448	0.550	0.001	0.001
0.676	0.083	0.127	0.114
0.522	0.018	0.459	0.001
0.032	0.420	0.484	0.065
>CTGGCGKN	7-CTGGCGKN	5.520413	-2296.311031	0	T:13725.0(55.42%),B:8268.7(34.36%),P:1e-997	Tpos:101.3,Tstd:55.1,Bpos:97.7,Bstd:71.7,StrandBias:-0.0,Multiplicity:1.17
0.001	0.997	0.001	0.001
0.001	0.218	0.050	0.731
0.001	0.001	0.997	0.001
0.090	0.001	0.908	0.001
0.001	0.997	0.001	0.001
0.242	0.001	0.480	0.277
0.049	0.095	0.417	0.440
0.292	0.158	0.258	0.292
>RCAGCCAA	8-RCAGCCAA	6.749215	-1643.469086	0	T:8758.0(35.37%),B:4753.3(19.75%),P:1e-713	Tpos:101.5,Tstd:53.2,Bpos:101.2,Bstd:75.5,StrandBias:-0.0,Multiplicity:1.24
0.272	0.177	0.388	0.163
0.208	0.487	0.214	0.091
0.777	0.068	0.046	0.109
0.024	0.001	0.873	0.102
0.035	0.892	0.041	0.032
0.001	0.989	0.001	0.009
0.924	0.061	0.014	0.001
0.667	0.041	0.285	0.007
>MATTTGGC	9-MATTTGGC	4.567655	-1638.338800	0	T:15545.0(62.77%),B:10753.9(44.68%),P:1e-711	Tpos:99.9,Tstd:55.6,Bpos:98.3,Bstd:71.3,StrandBias:-0.0,Multiplicity:1.28
0.352	0.450	0.126	0.072
0.836	0.020	0.069	0.075
0.108	0.133	0.032	0.727
0.125	0.118	0.247	0.510
0.189	0.075	0.062	0.674
0.100	0.015	0.860	0.025
0.079	0.001	0.585	0.335
0.024	0.693	0.069	0.214
>AGCAGCCT	10-AGCAGCCT	5.904002	-1054.594436	0	T:11720.0(47.33%),B:7999.3(33.24%),P:1e-458	Tpos:100.7,Tstd:56.1,Bpos:101.3,Bstd:74.7,StrandBias:0.0,Multiplicity:1.16
0.600	0.001	0.398	0.001
0.001	0.023	0.975	0.001
0.001	0.997	0.001	0.001
0.607	0.001	0.001	0.391
0.001	0.001	0.997	0.001
0.135	0.712	0.152	0.001
0.001	0.796	0.001	0.202
0.001	0.331	0.087	0.581
>GGCTGTCA	11-GGCTGTCA	4.700288	-1035.661797	0	T:11085.0(44.76%),B:7458.3(30.99%),P:1e-449	Tpos:99.8,Tstd:55.5,Bpos:99.4,Bstd:72.8,StrandBias:-0.0,Multiplicity:1.23
0.143	0.001	0.703	0.153
0.049	0.058	0.824	0.069
0.001	0.985	0.001	0.013
0.001	0.014	0.007	0.978
0.001	0.042	0.927	0.030
0.026	0.017	0.001	0.956
0.013	0.874	0.044	0.069
0.921	0.036	0.001	0.042
>GCYAATTA	12-GCYAATTA	5.473865	-789.449159	0	T:6743.0(27.23%),B:4121.0(17.12%),P:1e-342	Tpos:100.6,Tstd:57.1,Bpos:100.6,Bstd:68.9,StrandBias:-0.1,Multiplicity:1.08
0.079	0.151	0.540	0.230
0.066	0.783	0.084	0.067
0.219	0.291	0.066	0.423
0.738	0.167	0.041	0.054
0.875	0.001	0.038	0.086
0.067	0.001	0.012	0.920
0.016	0.001	0.110	0.873
0.794	0.057	0.148	0.001
>TKCCCAGT	13-TKCCCAGT	6.261817	-767.955644	0	T:8055.0(32.53%),B:5238.6(21.77%),P:1e-333	Tpos:98.2,Tstd:56.0,Bpos:100.2,Bstd:70.7,StrandBias:-0.1,Multiplicity:1.11
0.035	0.001	0.132	0.832
0.001	0.001	0.444	0.554
0.001	0.652	0.002	0.345
0.136	0.819	0.001	0.044
0.149	0.796	0.054	0.001
0.996	0.001	0.002	0.001
0.191	0.324	0.484	0.001
0.120	0.001	0.024	0.855
>ATTAATTA	14-ATTAATTA	5.823666	-705.360153	0	T:4292.0(17.33%),B:2315.9(9.62%),P:1e-306	Tpos:101.3,Tstd:55.3,Bpos:101.8,Bstd:67.2,StrandBias:-0.0,Multiplicity:1.18
0.393	0.236	0.161	0.209
0.073	0.266	0.173	0.487
0.080	0.057	0.109	0.754
0.744	0.247	0.008	0.001
0.886	0.013	0.059	0.042
0.019	0.019	0.001	0.961
0.038	0.166	0.163	0.633
0.819	0.034	0.141	0.006
>BTAAATKA	15-BTAAATKA	4.974854	-465.477402	0	T:9395.0(37.94%),B:6968.3(28.95%),P:1e-202	Tpos:99.6,Tstd:56.7,Bpos:98.8,Bstd:68.0,StrandBias:0.0,Multiplicity:1.32
0.116	0.350	0.310	0.224
0.064	0.079	0.107	0.750
0.530	0.069	0.380	0.021
0.971	0.001	0.011	0.017
0.615	0.075	0.001	0.309
0.005	0.020	0.001	0.974
0.076	0.229	0.410	0.285
0.729	0.063	0.178	0.030
>GTWAACAG	16-GTWAACAG	5.591306	-437.571485	0	T:7390.0(29.84%),B:5250.7(21.82%),P:1e-190	Tpos:100.7,Tstd:57.0,Bpos:100.2,Bstd:69.1,StrandBias:-0.0,Multiplicity:1.14
0.285	0.166	0.514	0.035
0.144	0.295	0.001	0.560
0.411	0.189	0.039	0.360
0.928	0.069	0.001	0.002
0.620	0.008	0.055	0.317
0.030	0.687	0.035	0.248
0.948	0.002	0.005	0.045
0.205	0.190	0.604	0.001
>ATCTGTGC	17-ATCTGTGC	8.148040	-432.404966	0	T:1850.0(7.47%),B:852.2(3.54%),P:1e-187	Tpos:102.3,Tstd:56.3,Bpos:104.7,Bstd:75.8,StrandBias:0.1,Multiplicity:1.01
0.997	0.001	0.001	0.001
0.001	0.001	0.243	0.755
0.001	0.997	0.001	0.001
0.001	0.001	0.001	0.997
0.001	0.001	0.997	0.001
0.001	0.001	0.001	0.997
0.001	0.001	0.777	0.221
0.001	0.997	0.001	0.001
>STGCTGTT	18-STGCTGTT	7.303848	-391.279759	0	T:3711.0(14.99%),B:2268.9(9.43%),P:1e-169	Tpos:100.1,Tstd:57.0,Bpos:99.9,Bstd:73.4,StrandBias:0.0,Multiplicity:1.03
0.206	0.409	0.384	0.001
0.269	0.137	0.001	0.593
0.001	0.001	0.997	0.001
0.001	0.997	0.001	0.001
0.001	0.380	0.001	0.618
0.249	0.001	0.749	0.001
0.001	0.001	0.001	0.997
0.001	0.001	0.001	0.997
>TAVGCCAA	19-TAVGCCAA	6.492684	-274.129572	0	T:1733.0(7.00%),B:925.6(3.85%),P:1e-119	Tpos:98.4,Tstd:53.4,Bpos:105.4,Bstd:71.9,StrandBias:0.2,Multiplicity:1.02
0.055	0.284	0.075	0.586
0.813	0.120	0.029	0.038
0.285	0.384	0.299	0.032
0.054	0.001	0.870	0.075
0.088	0.857	0.030	0.025
0.076	0.781	0.032	0.111
0.851	0.001	0.092	0.056
0.967	0.001	0.031	0.001
>GCCAGGGA	20-GCCAGGGA	8.851027	-241.944660	0	T:1945.0(7.85%),B:1121.5(4.66%),P:1e-105	Tpos:102.6,Tstd:55.5,Bpos:102.8,Bstd:73.0,StrandBias:0.0,Multiplicity:1.03
0.001	0.001	0.786	0.212
0.001	0.997	0.001	0.001
0.001	0.997	0.001	0.001
0.997	0.001	0.001	0.001
0.001	0.001	0.997	0.001
0.138	0.001	0.860	0.001
0.001	0.001	0.997	0.001
0.997	0.001	0.001	0.001
>GCATTAAT	21-GCATTAAT	6.839720	-229.757989	0	T:1701.0(6.87%),B:955.6(3.97%),P:1e-99	Tpos:99.8,Tstd:55.1,Bpos:103.1,Bstd:65.5,StrandBias:0.1,Multiplicity:1.02
0.001	0.219	0.779	0.001
0.035	0.921	0.043	0.001
0.941	0.001	0.057	0.001
0.015	0.125	0.101	0.759
0.115	0.001	0.076	0.808
0.935	0.063	0.001	0.001
0.978	0.001	0.020	0.001
0.022	0.023	0.014	0.941
>CCTTCTGT	22-CCTTCTGT	6.624461	-197.060400	0	T:1844.0(7.45%),B:1108.3(4.61%),P:1e-85	Tpos:96.0,Tstd:55.2,Bpos:98.3,Bstd:68.2,StrandBias:-0.2,Multiplicity:1.01
0.121	0.877	0.001	0.001
0.001	0.997	0.001	0.001
0.001	0.001	0.117	0.881
0.001	0.001	0.091	0.907
0.092	0.906	0.001	0.001
0.001	0.001	0.001	0.997
0.001	0.001	0.997	0.001
0.001	0.001	0.001	0.997
>ACARWYTG	23-ACARWYTG	7.391534	-176.038004	0	T:2174.0(8.78%),B:1401.7(5.82%),P:1e-76	Tpos:100.6,Tstd:57.3,Bpos:100.9,Bstd:74.8,StrandBias:0.0,Multiplicity:1.03
0.655	0.115	0.053	0.177
0.001	0.997	0.001	0.001
0.979	0.001	0.013	0.007
0.501	0.034	0.464	0.001
0.395	0.003	0.235	0.366
0.001	0.506	0.001	0.492
0.002	0.001	0.051	0.946
0.001	0.206	0.687	0.106
>TGGGCACT	24-TGGGCACT	7.669482	-127.203573	0	T:1936.0(7.82%),B:1303.2(5.41%),P:1e-55	Tpos:98.9,Tstd:55.7,Bpos:99.3,Bstd:72.5,StrandBias:0.1,Multiplicity:1.03
0.001	0.060	0.001	0.938
0.069	0.097	0.833	0.001
0.001	0.001	0.897	0.101
0.001	0.075	0.923	0.001
0.001	0.997	0.001	0.001
0.797	0.001	0.001	0.201
0.001	0.997	0.001	0.001
0.001	0.001	0.001	0.997
>TAATYGCT	25-TAATYGCT	3.577585	-124.327901	0	T:1007.0(4.07%),B:579.6(2.41%),P:1e-53	Tpos:98.5,Tstd:56.5,Bpos:94.8,Bstd:69.5,StrandBias:-0.2,Multiplicity:1.01
0.001	0.001	0.001	0.997
0.997	0.001	0.001	0.001
0.997	0.001	0.001	0.001
0.001	0.001	0.001	0.997
0.001	0.442	0.001	0.556
0.001	0.001	0.997	0.001
0.001	0.997	0.001	0.001
0.001	0.357	0.001	0.641
