>CATCTGATGG	1-CATCTGATGG	7.161548	-21.239343	0	T:24.0(21.05%),B:2247.3(4.70%),P:1e-9	Tpos:106.2,Tstd:49.7,Bpos:101.7,Bstd:63.1,StrandBias:-0.3,Multiplicity:1.08
0.039	0.854	0.035	0.072
0.791	0.087	0.037	0.085
0.066	0.001	0.203	0.730
0.107	0.825	0.038	0.030
0.119	0.053	0.045	0.783
0.045	0.035	0.919	0.001
0.734	0.136	0.103	0.027
0.054	0.040	0.027	0.879
0.001	0.001	0.836	0.162
0.091	0.068	0.658	0.183
>GGWTCGAAWC	2-GGWTCGAAWC	11.366973	-17.467604	0	T:4.0(3.51%),B:12.0(0.03%),P:1e-7	Tpos:76.8,Tstd:33.4,Bpos:102.7,Bstd:79.0,StrandBias:-1.6,Multiplicity:1.00
0.001	0.001	0.997	0.001
0.001	0.001	0.997	0.001
0.516	0.001	0.001	0.482
0.001	0.001	0.001	0.997
0.001	0.601	0.397	0.001
0.001	0.001	0.997	0.001
0.997	0.001	0.001	0.001
0.601	0.397	0.001	0.001
0.516	0.001	0.001	0.482
0.001	0.997	0.001	0.001
>CAGAGRGRAA	3-CAGAGRGRAA	8.881325	-17.175554	0	T:14.0(12.28%),B:894.2(1.87%),P:1e-7	Tpos:107.2,Tstd:51.0,Bpos:97.8,Bstd:61.4,StrandBias:-1.0,Multiplicity:1.15
0.001	0.997	0.001	0.001
0.997	0.001	0.001	0.001
0.067	0.001	0.931	0.001
0.609	0.001	0.001	0.389
0.001	0.052	0.946	0.001
0.509	0.001	0.489	0.001
0.001	0.001	0.997	0.001
0.530	0.001	0.468	0.001
0.997	0.001	0.001	0.001
0.989	0.001	0.001	0.009
>GCYGAGKGST	4-GCYGAGKGST	6.938833	-16.942538	0	T:32.0(28.07%),B:4755.9(9.95%),P:1e-7	Tpos:107.8,Tstd:52.4,Bpos:101.4,Bstd:65.7,StrandBias:0.3,Multiplicity:1.23
0.001	0.196	0.797	0.006
0.001	0.896	0.001	0.102
0.143	0.494	0.001	0.362
0.286	0.154	0.559	0.001
0.640	0.252	0.107	0.001
0.001	0.103	0.793	0.103
0.219	0.001	0.430	0.351
0.001	0.001	0.997	0.001
0.001	0.451	0.547	0.001
0.170	0.155	0.001	0.674
>AGCAGCAACA	5-AGCAGCAACA	10.085396	-13.276764	0	T:10.0(8.77%),B:589.0(1.23%),P:1e-5	Tpos:113.3,Tstd:42.1,Bpos:101.9,Bstd:73.9,StrandBias:-0.3,Multiplicity:1.20
0.921	0.001	0.077	0.001
0.056	0.001	0.942	0.001
0.001	0.997	0.001	0.001
0.809	0.001	0.111	0.079
0.072	0.094	0.833	0.001
0.001	0.997	0.001	0.001
0.997	0.001	0.001	0.001
0.768	0.001	0.230	0.001
0.065	0.877	0.057	0.001
0.902	0.001	0.096	0.001
>TGTCAGCTGA	6-TGTCAGCTGA	7.968014	-11.914274	0	T:13.0(11.40%),B:1205.5(2.52%),P:1e-5	Tpos:102.1,Tstd:55.8,Bpos:100.4,Bstd:65.1,StrandBias:-0.2,Multiplicity:1.23
0.056	0.133	0.143	0.668
0.001	0.082	0.877	0.040
0.221	0.044	0.039	0.696
0.001	0.825	0.001	0.173
0.870	0.128	0.001	0.001
0.054	0.059	0.752	0.135
0.001	0.789	0.127	0.083
0.127	0.001	0.087	0.785
0.121	0.044	0.834	0.001
0.917	0.001	0.043	0.039
>TCCCGGGCGC	7-TCCCGGGCGC	10.556787	-10.836646	0	T:8.0(7.02%),B:472.1(0.99%),P:1e-4	Tpos:103.4,Tstd:61.5,Bpos:104.3,Bstd:77.2,StrandBias:0.3,Multiplicity:1.38
0.145	0.089	0.090	0.676
0.001	0.997	0.001	0.001
0.001	0.997	0.001	0.001
0.001	0.997	0.001	0.001
0.001	0.114	0.884	0.001
0.001	0.107	0.891	0.001
0.166	0.001	0.832	0.001
0.001	0.997	0.001	0.001
0.001	0.084	0.827	0.088
0.001	0.997	0.001	0.001
>ACACATARRC	8-ACACATARRC	5.424563	-9.922607	0	T:10.0(8.77%),B:872.0(1.82%),P:1e-4	Tpos:88.6,Tstd:63.2,Bpos:99.6,Bstd:58.1,StrandBias:2.3,Multiplicity:1.20
0.997	0.001	0.001	0.001
0.001	0.997	0.001	0.001
0.997	0.001	0.001	0.001
0.001	0.997	0.001	0.001
0.997	0.001	0.001	0.001
0.001	0.157	0.342	0.500
0.997	0.001	0.001	0.001
0.442	0.001	0.556	0.001
0.489	0.001	0.509	0.001
0.001	0.997	0.001	0.001
>TCAAAAGGGG	9-TCAAAAGGGG	6.404373	-9.591627	0	T:32.0(28.07%),B:6694.2(14.01%),P:1e-4	Tpos:98.6,Tstd:59.0,Bpos:98.3,Bstd:60.3,StrandBias:-0.6,Multiplicity:1.25
0.100	0.100	0.100	0.700
0.100	0.700	0.100	0.100
0.700	0.100	0.100	0.100
0.700	0.100	0.100	0.100
0.700	0.100	0.100	0.100
0.700	0.100	0.100	0.100
0.100	0.100	0.700	0.100
0.100	0.100	0.700	0.100
0.100	0.100	0.700	0.100
0.100	0.100	0.700	0.100
>GCGCCCGCCG	10-GCGCCCGCCG	12.544461	-4.115625	0	T:2.0(1.75%),B:81.2(0.17%),P:1e-1	Tpos:96.5,Tstd:37.5,Bpos:103.8,Bstd:81.3,StrandBias:0.0,Multiplicity:1.00
0.001	0.006	0.992	0.001
0.001	0.997	0.001	0.001
0.001	0.034	0.964	0.001
0.001	0.633	0.365	0.001
0.001	0.997	0.001	0.001
0.001	0.646	0.352	0.001
0.001	0.001	0.997	0.001
0.001	0.795	0.203	0.001
0.001	0.871	0.127	0.001
0.001	0.001	0.997	0.001
