>CATCTGATGG	1-CATCTGATGG	7.161548	-21.239343	0	T:24.0(21.05%),B:2247.3(4.70%),P:1e-9	Tpos:106.2,Tstd:49.7,Bpos:101.7,Bstd:63.1,StrandBias:-0.3,Multiplicity:1.08
0.039	0.854	0.035	0.072
0.791	0.087	0.037	0.085
0.066	0.001	0.203	0.730
0.107	0.825	0.038	0.030
0.119	0.053	0.045	0.783
0.045	0.035	0.919	0.001
0.734	0.136	0.103	0.027
0.054	0.040	0.027	0.879
0.001	0.001	0.836	0.162
0.091	0.068	0.658	0.183
>GGWTCGAAWC	2-GGWTCGAAWC	11.366973	-17.467604	0	T:4.0(3.51%),B:12.0(0.03%),P:1e-7	Tpos:76.8,Tstd:33.4,Bpos:102.7,Bstd:79.0,StrandBias:-1.6,Multiplicity:1.00
0.001	0.001	0.997	0.001
0.001	0.001	0.997	0.001
0.516	0.001	0.001	0.482
0.001	0.001	0.001	0.997
0.001	0.601	0.397	0.001
0.001	0.001	0.997	0.001
0.997	0.001	0.001	0.001
0.601	0.397	0.001	0.001
0.516	0.001	0.001	0.482
0.001	0.997	0.001	0.001
>CAGAGRGRAA	3-CAGAGRGRAA	8.881325	-17.175554	0	T:14.0(12.28%),B:894.2(1.87%),P:1e-7	Tpos:107.2,Tstd:51.0,Bpos:97.8,Bstd:61.4,StrandBias:-1.0,Multiplicity:1.15
0.001	0.997	0.001	0.001
0.997	0.001	0.001	0.001
0.067	0.001	0.931	0.001
0.609	0.001	0.001	0.389
0.001	0.052	0.946	0.001
0.509	0.001	0.489	0.001
0.001	0.001	0.997	0.001
0.530	0.001	0.468	0.001
0.997	0.001	0.001	0.001
0.989	0.001	0.001	0.009
>GCYGAGKGST	4-GCYGAGKGST	6.938833	-16.942538	0	T:32.0(28.07%),B:4755.9(9.95%),P:1e-7	Tpos:107.8,Tstd:52.4,Bpos:101.4,Bstd:65.7,StrandBias:0.3,Multiplicity:1.23
0.001	0.196	0.797	0.006
0.001	0.896	0.001	0.102
0.143	0.494	0.001	0.362
0.286	0.154	0.559	0.001
0.640	0.252	0.107	0.001
0.001	0.103	0.793	0.103
0.219	0.001	0.430	0.351
0.001	0.001	0.997	0.001
0.001	0.451	0.547	0.001
0.170	0.155	0.001	0.674
>AGCAGCAACA	5-AGCAGCAACA	10.085396	-13.276764	0	T:10.0(8.77%),B:589.0(1.23%),P:1e-5	Tpos:113.3,Tstd:42.1,Bpos:101.9,Bstd:73.9,StrandBias:-0.3,Multiplicity:1.20
0.921	0.001	0.077	0.001
0.056	0.001	0.942	0.001
0.001	0.997	0.001	0.001
0.809	0.001	0.111	0.079
0.072	0.094	0.833	0.001
0.001	0.997	0.001	0.001
0.997	0.001	0.001	0.001
0.768	0.001	0.230	0.001
0.065	0.877	0.057	0.001
0.902	0.001	0.096	0.001
>TGTCAGCTGA	6-TGTCAGCTGA	7.968014	-11.914274	0	T:13.0(11.40%),B:1205.5(2.52%),P:1e-5	Tpos:102.1,Tstd:55.8,Bpos:100.4,Bstd:65.1,StrandBias:-0.2,Multiplicity:1.23
0.056	0.133	0.143	0.668
0.001	0.082	0.877	0.040
0.221	0.044	0.039	0.696
0.001	0.825	0.001	0.173
0.870	0.128	0.001	0.001
0.054	0.059	0.752	0.135
0.001	0.789	0.127	0.083
0.127	0.001	0.087	0.785
0.121	0.044	0.834	0.001
0.917	0.001	0.043	0.039
>TCCCGGGCGC	7-TCCCGGGCGC	10.556787	-10.836646	0	T:8.0(7.02%),B:472.1(0.99%),P:1e-4	Tpos:103.4,Tstd:61.5,Bpos:104.3,Bstd:77.2,StrandBias:0.3,Multiplicity:1.38
0.145	0.089	0.090	0.676
0.001	0.997	0.001	0.001
0.001	0.997	0.001	0.001
0.001	0.997	0.001	0.001
0.001	0.114	0.884	0.001
0.001	0.107	0.891	0.001
0.166	0.001	0.832	0.001
0.001	0.997	0.001	0.001
0.001	0.084	0.827	0.088
0.001	0.997	0.001	0.001
>ACACATARRC	8-ACACATARRC	5.424563	-9.922607	0	T:10.0(8.77%),B:872.0(1.82%),P:1e-4	Tpos:88.6,Tstd:63.2,Bpos:99.6,Bstd:58.1,StrandBias:2.3,Multiplicity:1.20
0.997	0.001	0.001	0.001
0.001	0.997	0.001	0.001
0.997	0.001	0.001	0.001
0.001	0.997	0.001	0.001
0.997	0.001	0.001	0.001
0.001	0.157	0.342	0.500
0.997	0.001	0.001	0.001
0.442	0.001	0.556	0.001
0.489	0.001	0.509	0.001
0.001	0.997	0.001	0.001
>TCAAAAGGGG	9-TCAAAAGGGG	6.404373	-9.591627	0	T:32.0(28.07%),B:6694.2(14.01%),P:1e-4	Tpos:98.6,Tstd:59.0,Bpos:98.3,Bstd:60.3,StrandBias:-0.6,Multiplicity:1.25
0.100	0.100	0.100	0.700
0.100	0.700	0.100	0.100
0.700	0.100	0.100	0.100
0.700	0.100	0.100	0.100
0.700	0.100	0.100	0.100
0.700	0.100	0.100	0.100
0.100	0.100	0.700	0.100
0.100	0.100	0.700	0.100
0.100	0.100	0.700	0.100
0.100	0.100	0.700	0.100
>GCGCCCGCCG	10-GCGCCCGCCG	12.544461	-4.115625	0	T:2.0(1.75%),B:81.2(0.17%),P:1e-1	Tpos:96.5,Tstd:37.5,Bpos:103.8,Bstd:81.3,StrandBias:0.0,Multiplicity:1.00
0.001	0.006	0.992	0.001
0.001	0.997	0.001	0.001
0.001	0.034	0.964	0.001
0.001	0.633	0.365	0.001
0.001	0.997	0.001	0.001
0.001	0.646	0.352	0.001
0.001	0.001	0.997	0.001
0.001	0.795	0.203	0.001
0.001	0.871	0.127	0.001
0.001	0.001	0.997	0.001
>TGGCCRMGWGGA	1-TGGCCRMGWGGA	10.040292	-29.115123	0	T:11.0(9.65%),B:157.0(0.33%),P:1e-12	Tpos:99.4,Tstd:57.5,Bpos:95.5,Bstd:59.1,StrandBias:0.8,Multiplicity:1.10
0.267	0.283	0.001	0.449
0.001	0.001	0.997	0.001
0.001	0.001	0.857	0.141
0.142	0.715	0.142	0.001
0.001	0.997	0.001	0.001
0.550	0.001	0.448	0.001
0.565	0.433	0.001	0.001
0.001	0.001	0.857	0.141
0.550	0.001	0.001	0.448
0.141	0.001	0.857	0.001
0.001	0.001	0.997	0.001
0.700	0.001	0.001	0.298
>TGGCTGTCAAGG	2-TGGCTGTCAAGG	14.640156	-21.847330	0	T:4.0(3.51%),B:4.6(0.01%),P:1e-9	Tpos:93.2,Tstd:45.8,Bpos:84.7,Bstd:45.6,StrandBias:0.0,Multiplicity:1.00
0.001	0.001	0.001	0.997
0.249	0.001	0.749	0.001
0.001	0.001	0.997	0.001
0.001	0.997	0.001	0.001
0.001	0.001	0.001	0.997
0.001	0.001	0.997	0.001
0.001	0.001	0.001	0.997
0.001	0.997	0.001	0.001
0.749	0.249	0.001	0.001
0.749	0.001	0.001	0.249
0.001	0.001	0.997	0.001
0.001	0.001	0.997	0.001
>TGGTTTGTTCCA	3-TGGTTTGTTCCA	14.649101	-21.847330	0	T:4.0(3.51%),B:4.3(0.01%),P:1e-9	Tpos:126.0,Tstd:53.7,Bpos:103.7,Bstd:28.9,StrandBias:0.0,Multiplicity:1.00
0.001	0.001	0.001	0.997
0.001	0.001	0.997	0.001
0.001	0.256	0.742	0.001
0.256	0.001	0.001	0.742
0.001	0.001	0.001	0.997
0.001	0.001	0.001	0.997
0.001	0.001	0.997	0.001
0.001	0.001	0.001	0.997
0.001	0.001	0.001	0.997
0.001	0.742	0.001	0.256
0.001	0.997	0.001	0.001
0.997	0.001	0.001	0.001
>TCCCTWTGGCAC	4-TCCCTWTGGCAC	10.963396	-21.680662	0	T:7.0(6.14%),B:67.9(0.14%),P:1e-9	Tpos:96.2,Tstd:46.5,Bpos:103.1,Bstd:56.6,StrandBias:0.7,Multiplicity:1.14
0.001	0.001	0.001	0.997
0.001	0.801	0.197	0.001
0.001	0.801	0.001	0.197
0.197	0.801	0.001	0.001
0.001	0.197	0.001	0.801
0.412	0.016	0.175	0.396
0.001	0.001	0.001	0.997
0.001	0.001	0.801	0.197
0.001	0.001	0.997	0.001
0.001	0.801	0.001	0.197
0.824	0.174	0.001	0.001
0.001	0.997	0.001	0.001
>GGGATTCGAACC	5-GGGATTCGAACC	9.363282	-21.290225	0	T:10.0(8.77%),B:247.9(0.52%),P:1e-9	Tpos:96.7,Tstd:48.5,Bpos:100.5,Bstd:55.7,StrandBias:1.2,Multiplicity:1.00
0.112	0.001	0.685	0.202
0.110	0.001	0.888	0.001
0.001	0.001	0.997	0.001
0.686	0.001	0.091	0.222
0.111	0.111	0.016	0.762
0.222	0.001	0.001	0.776
0.334	0.553	0.001	0.112
0.222	0.127	0.650	0.001
0.666	0.222	0.111	0.001
0.776	0.001	0.001	0.222
0.001	0.908	0.001	0.090
0.001	0.665	0.001	0.333
>GGGGAAAAAAAA	6-GGGGAAAAAAAA	9.866342	-16.183055	0	T:14.0(12.28%),B:970.7(2.03%),P:1e-7	Tpos:108.8,Tstd:65.9,Bpos:96.0,Bstd:61.2,StrandBias:1.8,Multiplicity:1.00
0.022	0.001	0.706	0.271
0.180	0.084	0.693	0.043
0.061	0.001	0.937	0.001
0.129	0.084	0.786	0.001
0.849	0.069	0.081	0.001
0.997	0.001	0.001	0.001
0.846	0.001	0.152	0.001
0.850	0.084	0.001	0.065
0.997	0.001	0.001	0.001
0.789	0.075	0.052	0.084
0.757	0.084	0.075	0.084
0.802	0.059	0.084	0.055
>GCAGCAGCAGCA	7-GCAGCAGCAGCA	9.367605	-5.521174	0	T:5.0(4.39%),B:434.2(0.91%),P:1e-2	Tpos:122.8,Tstd:36.6,Bpos:100.3,Bstd:74.4,StrandBias:0.5,Multiplicity:1.00
0.071	0.080	0.848	0.001
0.001	0.878	0.120	0.001
0.997	0.001	0.001	0.001
0.087	0.001	0.911	0.001
0.001	0.997	0.001	0.001
0.997	0.001	0.001	0.001
0.093	0.001	0.905	0.001
0.116	0.882	0.001	0.001
0.902	0.001	0.096	0.001
0.082	0.001	0.916	0.001
0.104	0.894	0.001	0.001
0.920	0.001	0.078	0.001
>GGCCGCCGCCGC	8-GGCCGCCGCCGC	12.926671	-3.723374	0	T:2.0(1.75%),B:100.6(0.21%),P:1e-1	Tpos:177.5,Tstd:4.5,Bpos:92.3,Bstd:79.7,StrandBias:10.0,Multiplicity:1.00
0.003	0.067	0.847	0.083
0.001	0.062	0.936	0.001
0.001	0.925	0.073	0.001
0.157	0.666	0.092	0.085
0.001	0.073	0.925	0.001
0.001	0.907	0.091	0.001
0.080	0.741	0.178	0.001
0.001	0.001	0.997	0.001
0.001	0.657	0.217	0.125
0.092	0.782	0.001	0.125
0.001	0.154	0.720	0.125
0.001	0.911	0.087	0.001
>GGAATAAA	1-GGAATAAA	6.835994	-17.668049	0	T:31.0(27.19%),B:4355.2(9.11%),P:1e-7	Tpos:102.9,Tstd:62.4,Bpos:98.7,Bstd:60.8,StrandBias:0.2,Multiplicity:1.16
0.001	0.001	0.997	0.001
0.001	0.001	0.997	0.001
0.958	0.040	0.001	0.001
0.958	0.001	0.040	0.001
0.157	0.164	0.086	0.593
0.969	0.001	0.001	0.029
0.908	0.001	0.001	0.090
0.997	0.001	0.001	0.001
>CTTATATC	2-CTTATATC	7.039559	-14.787304	0	T:22.0(19.30%),B:2693.7(5.64%),P:1e-6	Tpos:115.2,Tstd:52.9,Bpos:101.0,Bstd:61.1,StrandBias:0.3,Multiplicity:1.18
0.001	0.997	0.001	0.001
0.124	0.001	0.001	0.874
0.001	0.001	0.051	0.947
0.802	0.040	0.157	0.001
0.001	0.001	0.062	0.936
0.860	0.034	0.057	0.049
0.001	0.001	0.066	0.932
0.095	0.703	0.128	0.074
>CCCTATGG	3-CCCTATGG	7.500035	-13.898951	0	T:15.0(13.16%),B:1357.0(2.84%),P:1e-6	Tpos:108.5,Tstd:54.5,Bpos:99.6,Bstd:59.8,StrandBias:0.2,Multiplicity:1.20
0.001	0.997	0.001	0.001
0.046	0.905	0.001	0.048
0.088	0.763	0.148	0.001
0.149	0.001	0.001	0.849
0.803	0.147	0.019	0.031
0.118	0.001	0.001	0.880
0.081	0.001	0.851	0.067
0.001	0.001	0.997	0.001
>CCGAGTTT	4-CCGAGTTT	5.796100	-12.845114	0	T:29.0(25.44%),B:4858.5(10.17%),P:1e-5	Tpos:100.8,Tstd:55.9,Bpos:99.3,Bstd:62.6,StrandBias:-0.3,Multiplicity:1.24
0.080	0.629	0.112	0.179
0.023	0.956	0.001	0.020
0.128	0.105	0.747	0.020
0.615	0.001	0.369	0.015
0.001	0.001	0.932	0.066
0.118	0.006	0.001	0.875
0.001	0.036	0.170	0.793
0.207	0.045	0.164	0.584
>AAGCAGCA	5-AAGCAGCA	7.012139	-10.802874	0	T:23.0(20.18%),B:3714.2(7.77%),P:1e-4	Tpos:97.8,Tstd:41.9,Bpos:101.4,Bstd:69.1,StrandBias:0.0,Multiplicity:1.13
0.882	0.063	0.001	0.054
0.997	0.001	0.001	0.001
0.001	0.001	0.997	0.001
0.001	0.997	0.001	0.001
0.963	0.001	0.001	0.035
0.001	0.257	0.475	0.268
0.001	0.694	0.001	0.304
0.997	0.001	0.001	0.001
