>GGAATAAA	1-GGAATAAA	6.835994	-17.668049	0	T:31.0(27.19%),B:4355.2(9.11%),P:1e-7	Tpos:102.9,Tstd:62.4,Bpos:98.7,Bstd:60.8,StrandBias:0.2,Multiplicity:1.16
0.001	0.001	0.997	0.001
0.001	0.001	0.997	0.001
0.958	0.040	0.001	0.001
0.958	0.001	0.040	0.001
0.157	0.164	0.086	0.593
0.969	0.001	0.001	0.029
0.908	0.001	0.001	0.090
0.997	0.001	0.001	0.001
>CTTATATC	2-CTTATATC	7.039559	-14.787304	0	T:22.0(19.30%),B:2693.7(5.64%),P:1e-6	Tpos:115.2,Tstd:52.9,Bpos:101.0,Bstd:61.1,StrandBias:0.3,Multiplicity:1.18
0.001	0.997	0.001	0.001
0.124	0.001	0.001	0.874
0.001	0.001	0.051	0.947
0.802	0.040	0.157	0.001
0.001	0.001	0.062	0.936
0.860	0.034	0.057	0.049
0.001	0.001	0.066	0.932
0.095	0.703	0.128	0.074
>CCCTATGG	3-CCCTATGG	7.500035	-13.898951	0	T:15.0(13.16%),B:1357.0(2.84%),P:1e-6	Tpos:108.5,Tstd:54.5,Bpos:99.6,Bstd:59.8,StrandBias:0.2,Multiplicity:1.20
0.001	0.997	0.001	0.001
0.046	0.905	0.001	0.048
0.088	0.763	0.148	0.001
0.149	0.001	0.001	0.849
0.803	0.147	0.019	0.031
0.118	0.001	0.001	0.880
0.081	0.001	0.851	0.067
0.001	0.001	0.997	0.001
>CCGAGTTT	4-CCGAGTTT	5.796100	-12.845114	0	T:29.0(25.44%),B:4858.5(10.17%),P:1e-5	Tpos:100.8,Tstd:55.9,Bpos:99.3,Bstd:62.6,StrandBias:-0.3,Multiplicity:1.24
0.080	0.629	0.112	0.179
0.023	0.956	0.001	0.020
0.128	0.105	0.747	0.020
0.615	0.001	0.369	0.015
0.001	0.001	0.932	0.066
0.118	0.006	0.001	0.875
0.001	0.036	0.170	0.793
0.207	0.045	0.164	0.584
>AAGCAGCA	5-AAGCAGCA	7.012139	-10.802874	0	T:23.0(20.18%),B:3714.2(7.77%),P:1e-4	Tpos:97.8,Tstd:41.9,Bpos:101.4,Bstd:69.1,StrandBias:0.0,Multiplicity:1.13
0.882	0.063	0.001	0.054
0.997	0.001	0.001	0.001
0.001	0.001	0.997	0.001
0.001	0.997	0.001	0.001
0.963	0.001	0.001	0.035
0.001	0.257	0.475	0.268
0.001	0.694	0.001	0.304
0.997	0.001	0.001	0.001
