>TGGCCRMGWGGA	1-TGGCCRMGWGGA	10.040292	-29.115123	0	T:11.0(9.65%),B:157.0(0.33%),P:1e-12	Tpos:99.4,Tstd:57.5,Bpos:95.5,Bstd:59.1,StrandBias:0.8,Multiplicity:1.10
0.267	0.283	0.001	0.449
0.001	0.001	0.997	0.001
0.001	0.001	0.857	0.141
0.142	0.715	0.142	0.001
0.001	0.997	0.001	0.001
0.550	0.001	0.448	0.001
0.565	0.433	0.001	0.001
0.001	0.001	0.857	0.141
0.550	0.001	0.001	0.448
0.141	0.001	0.857	0.001
0.001	0.001	0.997	0.001
0.700	0.001	0.001	0.298
>TGGCTGTCAAGG	2-TGGCTGTCAAGG	14.640156	-21.847330	0	T:4.0(3.51%),B:4.6(0.01%),P:1e-9	Tpos:93.2,Tstd:45.8,Bpos:84.7,Bstd:45.6,StrandBias:0.0,Multiplicity:1.00
0.001	0.001	0.001	0.997
0.249	0.001	0.749	0.001
0.001	0.001	0.997	0.001
0.001	0.997	0.001	0.001
0.001	0.001	0.001	0.997
0.001	0.001	0.997	0.001
0.001	0.001	0.001	0.997
0.001	0.997	0.001	0.001
0.749	0.249	0.001	0.001
0.749	0.001	0.001	0.249
0.001	0.001	0.997	0.001
0.001	0.001	0.997	0.001
>TGGTTTGTTCCA	3-TGGTTTGTTCCA	14.649101	-21.847330	0	T:4.0(3.51%),B:4.3(0.01%),P:1e-9	Tpos:126.0,Tstd:53.7,Bpos:103.7,Bstd:28.9,StrandBias:0.0,Multiplicity:1.00
0.001	0.001	0.001	0.997
0.001	0.001	0.997	0.001
0.001	0.256	0.742	0.001
0.256	0.001	0.001	0.742
0.001	0.001	0.001	0.997
0.001	0.001	0.001	0.997
0.001	0.001	0.997	0.001
0.001	0.001	0.001	0.997
0.001	0.001	0.001	0.997
0.001	0.742	0.001	0.256
0.001	0.997	0.001	0.001
0.997	0.001	0.001	0.001
>TCCCTWTGGCAC	4-TCCCTWTGGCAC	10.963396	-21.680662	0	T:7.0(6.14%),B:67.9(0.14%),P:1e-9	Tpos:96.2,Tstd:46.5,Bpos:103.1,Bstd:56.6,StrandBias:0.7,Multiplicity:1.14
0.001	0.001	0.001	0.997
0.001	0.801	0.197	0.001
0.001	0.801	0.001	0.197
0.197	0.801	0.001	0.001
0.001	0.197	0.001	0.801
0.412	0.016	0.175	0.396
0.001	0.001	0.001	0.997
0.001	0.001	0.801	0.197
0.001	0.001	0.997	0.001
0.001	0.801	0.001	0.197
0.824	0.174	0.001	0.001
0.001	0.997	0.001	0.001
>GGGATTCGAACC	5-GGGATTCGAACC	9.363282	-21.290225	0	T:10.0(8.77%),B:247.9(0.52%),P:1e-9	Tpos:96.7,Tstd:48.5,Bpos:100.5,Bstd:55.7,StrandBias:1.2,Multiplicity:1.00
0.112	0.001	0.685	0.202
0.110	0.001	0.888	0.001
0.001	0.001	0.997	0.001
0.686	0.001	0.091	0.222
0.111	0.111	0.016	0.762
0.222	0.001	0.001	0.776
0.334	0.553	0.001	0.112
0.222	0.127	0.650	0.001
0.666	0.222	0.111	0.001
0.776	0.001	0.001	0.222
0.001	0.908	0.001	0.090
0.001	0.665	0.001	0.333
>GGGGAAAAAAAA	6-GGGGAAAAAAAA	9.866342	-16.183055	0	T:14.0(12.28%),B:970.7(2.03%),P:1e-7	Tpos:108.8,Tstd:65.9,Bpos:96.0,Bstd:61.2,StrandBias:1.8,Multiplicity:1.00
0.022	0.001	0.706	0.271
0.180	0.084	0.693	0.043
0.061	0.001	0.937	0.001
0.129	0.084	0.786	0.001
0.849	0.069	0.081	0.001
0.997	0.001	0.001	0.001
0.846	0.001	0.152	0.001
0.850	0.084	0.001	0.065
0.997	0.001	0.001	0.001
0.789	0.075	0.052	0.084
0.757	0.084	0.075	0.084
0.802	0.059	0.084	0.055
>GCAGCAGCAGCA	7-GCAGCAGCAGCA	9.367605	-5.521174	0	T:5.0(4.39%),B:434.2(0.91%),P:1e-2	Tpos:122.8,Tstd:36.6,Bpos:100.3,Bstd:74.4,StrandBias:0.5,Multiplicity:1.00
0.071	0.080	0.848	0.001
0.001	0.878	0.120	0.001
0.997	0.001	0.001	0.001
0.087	0.001	0.911	0.001
0.001	0.997	0.001	0.001
0.997	0.001	0.001	0.001
0.093	0.001	0.905	0.001
0.116	0.882	0.001	0.001
0.902	0.001	0.096	0.001
0.082	0.001	0.916	0.001
0.104	0.894	0.001	0.001
0.920	0.001	0.078	0.001
>GGCCGCCGCCGC	8-GGCCGCCGCCGC	12.926671	-3.723374	0	T:2.0(1.75%),B:100.6(0.21%),P:1e-1	Tpos:177.5,Tstd:4.5,Bpos:92.3,Bstd:79.7,StrandBias:10.0,Multiplicity:1.00
0.003	0.067	0.847	0.083
0.001	0.062	0.936	0.001
0.001	0.925	0.073	0.001
0.157	0.666	0.092	0.085
0.001	0.073	0.925	0.001
0.001	0.907	0.091	0.001
0.080	0.741	0.178	0.001
0.001	0.001	0.997	0.001
0.001	0.657	0.217	0.125
0.092	0.782	0.001	0.125
0.001	0.154	0.720	0.125
0.001	0.911	0.087	0.001
