>RAACVAGGAAGTRG	ELF3.ETS/1.ETS	4.366260	-4.967680	0	T:61.0(48.41%),B:18037.3(37.29%),P:1e-2
0.297	0.171	0.388	0.143
0.446	0.153	0.189	0.212
0.862	0.009	0.031	0.098
0.147	0.410	0.234	0.209
0.272	0.384	0.341	0.003
0.908	0.066	0.019	0.007
0.005	0.003	0.975	0.017
0.003	0.009	0.983	0.005
0.981	0.003	0.013	0.003
0.969	0.003	0.013	0.015
0.297	0.021	0.677	0.005
0.043	0.149	0.054	0.754
0.351	0.066	0.396	0.187
0.258	0.205	0.424	0.114
