>TCCACTTCCACT	1-TCCACTTCCACT	11.498096	-19.176784	0	T:9.0(4.05%),B:116.4(0.24%),P:1e-8	Tpos:61.7,Tstd:32.1,Bpos:115.6,Bstd:58.9,StrandBias:1.0,Multiplicity:1.29
0.001	0.191	0.118	0.690
0.001	0.997	0.001	0.001
0.001	0.856	0.001	0.142
0.997	0.001	0.001	0.001
0.192	0.488	0.192	0.128
0.001	0.001	0.001	0.997
0.191	0.001	0.001	0.807
0.191	0.796	0.001	0.012
0.001	0.807	0.001	0.191
0.609	0.001	0.001	0.389
0.001	0.997	0.001	0.001
0.001	0.001	0.001	0.997
>GGCCYTGSCTCY	2-GGCCYTGSCTCY	9.321030	-18.897422	0	T:21.0(9.46%),B:977.5(2.00%),P:1e-8	Tpos:98.0,Tstd:58.1,Bpos:98.0,Bstd:60.4,StrandBias:-0.8,Multiplicity:1.19
0.001	0.117	0.881	0.001
0.231	0.174	0.594	0.001
0.001	0.922	0.001	0.076
0.001	0.997	0.001	0.001
0.086	0.377	0.116	0.421
0.002	0.208	0.297	0.492
0.095	0.162	0.741	0.002
0.001	0.474	0.524	0.001
0.100	0.781	0.001	0.118
0.001	0.375	0.001	0.623
0.001	0.693	0.214	0.092
0.001	0.567	0.007	0.425
>TTTCATTTTGCA	3-TTTCATTTTGCA	10.645583	-18.736818	0	T:12.0(5.41%),B:274.9(0.56%),P:1e-8	Tpos:116.7,Tstd:45.7,Bpos:95.6,Bstd:61.4,StrandBias:0.0,Multiplicity:1.09
0.001	0.186	0.087	0.726
0.124	0.173	0.129	0.574
0.001	0.074	0.124	0.801
0.002	0.996	0.001	0.001
0.804	0.108	0.001	0.087
0.001	0.001	0.003	0.995
0.200	0.001	0.001	0.798
0.001	0.092	0.001	0.906
0.003	0.001	0.124	0.872
0.001	0.087	0.820	0.092
0.090	0.817	0.092	0.001
0.910	0.002	0.001	0.087
>YTTYCCTTTGGG	4-YTTYCCTTTGGG	5.850752	-18.631987	0	T:40.0(18.02%),B:3234.3(6.63%),P:1e-8	Tpos:106.5,Tstd:50.1,Bpos:102.6,Bstd:59.9,StrandBias:0.1,Multiplicity:1.10
0.155	0.361	0.001	0.483
0.092	0.001	0.001	0.906
0.186	0.184	0.001	0.629
0.093	0.382	0.001	0.524
0.001	0.997	0.001	0.001
0.001	0.997	0.001	0.001
0.001	0.167	0.001	0.831
0.001	0.186	0.094	0.719
0.001	0.001	0.093	0.905
0.093	0.001	0.732	0.174
0.001	0.001	0.997	0.001
0.001	0.365	0.628	0.006
>CTGCTGGGTGGC	5-CTGCTGGGTGGC	11.261022	-17.224096	0	T:9.0(4.05%),B:146.8(0.30%),P:1e-7	Tpos:113.4,Tstd:37.6,Bpos:102.5,Bstd:57.8,StrandBias:2.0,Multiplicity:1.11
0.001	0.997	0.001	0.001
0.001	0.001	0.001	0.997
0.001	0.015	0.983	0.001
0.001	0.649	0.349	0.001
0.001	0.284	0.001	0.714
0.001	0.001	0.997	0.001
0.019	0.001	0.695	0.285
0.001	0.001	0.997	0.001
0.366	0.001	0.001	0.632
0.326	0.001	0.672	0.001
0.018	0.327	0.654	0.001
0.001	0.997	0.001	0.001
>AGAGGGATGAGC	6-AGAGGGATGAGC	14.426799	-15.419138	0	T:5.0(2.25%),B:27.3(0.06%),P:1e-6	Tpos:107.7,Tstd:42.0,Bpos:83.8,Bstd:64.3,StrandBias:2.3,Multiplicity:1.20
0.997	0.001	0.001	0.001
0.001	0.001	0.997	0.001
0.997	0.001	0.001	0.001
0.001	0.001	0.997	0.001
0.312	0.001	0.686	0.001
0.001	0.001	0.997	0.001
0.997	0.001	0.001	0.001
0.165	0.001	0.249	0.585
0.001	0.001	0.997	0.001
0.997	0.001	0.001	0.001
0.001	0.001	0.997	0.001
0.001	0.997	0.001	0.001
>GCAGATGGAAGG	7-GCAGATGGAAGG	8.463612	-10.543259	0	T:20.0(9.01%),B:1525.0(3.12%),P:1e-4	Tpos:96.8,Tstd:56.3,Bpos:102.2,Bstd:62.4,StrandBias:-0.4,Multiplicity:1.05
0.100	0.100	0.700	0.100
0.100	0.700	0.100	0.100
0.700	0.100	0.100	0.100
0.100	0.100	0.700	0.100
0.700	0.100	0.100	0.100
0.100	0.100	0.100	0.700
0.100	0.100	0.700	0.100
0.100	0.100	0.700	0.100
0.700	0.100	0.100	0.100
0.700	0.100	0.100	0.100
0.100	0.100	0.700	0.100
0.100	0.100	0.700	0.100
>GCTCTCTCTCTS	8-GCTCTCTCTCTS	8.202935	-9.140544	0	T:17.0(7.66%),B:1295.1(2.65%),P:1e-3	Tpos:124.2,Tstd:33.1,Bpos:101.4,Bstd:62.2,StrandBias:1.8,Multiplicity:1.19
0.029	0.210	0.621	0.140
0.001	0.676	0.023	0.300
0.015	0.238	0.023	0.724
0.015	0.566	0.213	0.206
0.143	0.242	0.132	0.483
0.014	0.941	0.044	0.001
0.274	0.231	0.001	0.494
0.149	0.564	0.286	0.001
0.214	0.283	0.001	0.502
0.194	0.643	0.148	0.015
0.188	0.125	0.207	0.480
0.015	0.539	0.422	0.024
>NACACACACACA	9-NACACACACACA	4.138200	-6.737638	0	T:146.0(65.77%),B:27094.4(55.50%),P:1e-2	Tpos:100.8,Tstd:54.5,Bpos:100.1,Bstd:61.4,StrandBias:0.1,Multiplicity:1.29
0.232	0.304	0.182	0.283
0.589	0.155	0.121	0.135
0.104	0.593	0.175	0.128
0.589	0.081	0.094	0.236
0.108	0.582	0.222	0.088
0.642	0.135	0.061	0.162
0.131	0.634	0.141	0.094
0.750	0.088	0.074	0.088
0.148	0.573	0.121	0.158
0.643	0.128	0.047	0.182
0.131	0.613	0.148	0.108
0.488	0.175	0.121	0.215
>CACACACTCTCT	10-CACACACTCTCT	10.503169	-3.956494	0	T:3.0(1.35%),B:123.3(0.25%),P:1e-1	Tpos:56.9,Tstd:55.2,Bpos:98.7,Bstd:58.5,StrandBias:2.2,Multiplicity:1.67
0.001	0.997	0.001	0.001
0.975	0.001	0.001	0.023
0.001	0.802	0.001	0.196
0.776	0.001	0.001	0.222
0.001	0.997	0.001	0.001
0.756	0.001	0.001	0.242
0.001	0.997	0.001	0.001
0.001	0.001	0.001	0.997
0.001	0.997	0.001	0.001
0.001	0.001	0.001	0.997
0.001	0.997	0.001	0.001
0.216	0.001	0.001	0.782
>ACACACACACAC	11-ACACACACACAC	-11.181375	-1.967175	0	T:110.0(49.55%),B:22313.0(45.71%),P:1e0	Tpos:104.3,Tstd:52.4,Bpos:99.4,Bstd:61.9,StrandBias:0.2,Multiplicity:1.29
0.922	0.001	0.001	0.076
0.081	0.917	0.001	0.001
0.997	0.001	0.001	0.001
0.001	0.997	0.001	0.001
0.997	0.001	0.001	0.001
0.001	0.997	0.001	0.001
0.997	0.001	0.001	0.001
0.001	0.997	0.001	0.001
0.997	0.001	0.001	0.001
0.001	0.997	0.001	0.001
0.906	0.001	0.092	0.001
0.001	0.997	0.001	0.001
