>AACAGCTGGC	1-AACAGCTGGC	7.593713	-27.535449	0	T:41.0(18.47%),B:2502.9(5.13%),P:1e-11	Tpos:104.2,Tstd:52.3,Bpos:100.1,Bstd:66.2,StrandBias:-0.2,Multiplicity:1.10
0.790	0.136	0.073	0.001
0.710	0.031	0.126	0.133
0.046	0.879	0.074	0.001
0.997	0.001	0.001	0.001
0.039	0.001	0.840	0.120
0.136	0.774	0.001	0.089
0.091	0.140	0.001	0.768
0.037	0.165	0.719	0.079
0.001	0.127	0.746	0.126
0.048	0.769	0.110	0.073
>ATACTAATTA	2-ATACTAATTA	10.398732	-27.003898	0	T:13.0(5.86%),B:169.8(0.35%),P:1e-11	Tpos:94.1,Tstd:53.0,Bpos:99.3,Bstd:59.3,StrandBias:-0.7,Multiplicity:1.00
0.894	0.104	0.001	0.001
0.083	0.096	0.001	0.820
0.997	0.001	0.001	0.001
0.041	0.957	0.001	0.001
0.070	0.092	0.001	0.837
0.907	0.001	0.091	0.001
0.997	0.001	0.001	0.001
0.001	0.001	0.001	0.997
0.001	0.108	0.111	0.780
0.909	0.089	0.001	0.001
>CTCACTGCTT	3-CTCACTGCTT	10.154518	-25.132583	0	T:17.0(7.66%),B:411.5(0.84%),P:1e-10	Tpos:105.5,Tstd:57.0,Bpos:101.7,Bstd:64.4,StrandBias:0.2,Multiplicity:1.00
0.001	0.852	0.146	0.001
0.001	0.001	0.001	0.997
0.001	0.997	0.001	0.001
0.997	0.001	0.001	0.001
0.001	0.592	0.278	0.129
0.001	0.001	0.001	0.997
0.001	0.116	0.882	0.001
0.001	0.997	0.001	0.001
0.118	0.001	0.001	0.880
0.001	0.128	0.081	0.790
>GTTTTATTTG	4-GTTTTATTTG	10.093648	-24.964265	0	T:14.0(6.31%),B:247.1(0.51%),P:1e-10	Tpos:104.0,Tstd:61.5,Bpos:104.0,Bstd:61.1,StrandBias:1.0,Multiplicity:1.07
0.038	0.001	0.935	0.026
0.001	0.001	0.001	0.997
0.001	0.065	0.065	0.869
0.001	0.070	0.079	0.850
0.265	0.001	0.001	0.733
0.997	0.001	0.001	0.001
0.001	0.081	0.087	0.831
0.001	0.075	0.001	0.923
0.001	0.001	0.062	0.936
0.034	0.001	0.964	0.001
>GATGTGCTAA	5-GATGTGCTAA	10.411133	-22.214338	0	T:11.0(4.95%),B:155.5(0.32%),P:1e-9	Tpos:80.2,Tstd:46.7,Bpos:110.6,Bstd:62.0,StrandBias:0.3,Multiplicity:1.00
0.075	0.082	0.759	0.084
0.755	0.001	0.145	0.099
0.104	0.001	0.001	0.894
0.001	0.144	0.854	0.001
0.081	0.001	0.001	0.917
0.001	0.001	0.997	0.001
0.001	0.905	0.093	0.001
0.001	0.001	0.001	0.997
0.997	0.001	0.001	0.001
0.997	0.001	0.001	0.001
>TTAAATAGCA	6-TTAAATAGCA	10.089541	-21.675308	0	T:12.0(5.41%),B:210.2(0.43%),P:1e-9	Tpos:114.9,Tstd:59.7,Bpos:97.7,Bstd:69.4,StrandBias:1.0,Multiplicity:1.00
0.001	0.001	0.001	0.997
0.001	0.001	0.001	0.997
0.823	0.001	0.001	0.175
0.885	0.001	0.113	0.001
0.997	0.001	0.001	0.001
0.047	0.063	0.001	0.889
0.865	0.133	0.001	0.001
0.053	0.001	0.945	0.001
0.061	0.937	0.001	0.001
0.718	0.094	0.001	0.187
>GATTTCCCTT	7-GATTTCCCTT	9.336548	-21.526859	0	T:21.0(9.46%),B:840.5(1.72%),P:1e-9	Tpos:101.2,Tstd:55.5,Bpos:101.4,Bstd:61.7,StrandBias:2.2,Multiplicity:1.10
0.174	0.172	0.653	0.001
0.766	0.228	0.001	0.005
0.392	0.001	0.001	0.606
0.001	0.001	0.001	0.997
0.001	0.006	0.001	0.992
0.001	0.762	0.236	0.001
0.285	0.636	0.001	0.078
0.001	0.995	0.001	0.003
0.001	0.001	0.001	0.997
0.266	0.097	0.001	0.636
>CAATCCCCCG	8-CAATCCCCCG	10.683924	-21.101392	0	T:8.0(3.60%),B:62.3(0.13%),P:1e-9	Tpos:94.5,Tstd:58.6,Bpos:109.6,Bstd:50.6,StrandBias:0.7,Multiplicity:1.00
0.001	0.997	0.001	0.001
0.904	0.094	0.001	0.001
0.788	0.111	0.100	0.001
0.001	0.001	0.121	0.877
0.001	0.997	0.001	0.001
0.151	0.847	0.001	0.001
0.001	0.997	0.001	0.001
0.151	0.847	0.001	0.001
0.001	0.997	0.001	0.001
0.001	0.094	0.904	0.001
>GGGCAGATTT	9-GGGCAGATTT	10.167053	-20.530343	0	T:14.0(6.31%),B:349.1(0.72%),P:1e-8	Tpos:90.6,Tstd:52.2,Bpos:100.5,Bstd:58.7,StrandBias:0.4,Multiplicity:1.00
0.064	0.001	0.934	0.001
0.001	0.001	0.997	0.001
0.094	0.001	0.904	0.001
0.001	0.917	0.081	0.001
0.997	0.001	0.001	0.001
0.099	0.001	0.799	0.101
0.844	0.070	0.001	0.085
0.001	0.099	0.083	0.817
0.001	0.001	0.001	0.997
0.001	0.074	0.068	0.857
>CTGCTGGTAA	10-CTGCTGGTAA	7.290595	-17.591392	0	T:38.0(17.12%),B:3086.3(6.32%),P:1e-7	Tpos:90.0,Tstd:54.3,Bpos:102.8,Bstd:64.4,StrandBias:0.4,Multiplicity:1.14
0.057	0.841	0.014	0.088
0.062	0.001	0.001	0.936
0.001	0.052	0.859	0.088
0.117	0.680	0.138	0.065
0.022	0.031	0.001	0.946
0.057	0.066	0.854	0.023
0.049	0.132	0.780	0.039
0.045	0.134	0.162	0.659
0.725	0.074	0.122	0.079
0.729	0.022	0.211	0.038
>AGAGGATAAT	11-AGAGGATAAT	10.165219	-17.467910	0	T:12.0(5.41%),B:308.1(0.63%),P:1e-7	Tpos:117.1,Tstd:53.8,Bpos:99.6,Bstd:63.6,StrandBias:0.0,Multiplicity:1.17
0.926	0.001	0.001	0.072
0.075	0.092	0.832	0.001
0.997	0.001	0.001	0.001
0.001	0.001	0.923	0.075
0.001	0.001	0.893	0.105
0.898	0.100	0.001	0.001
0.001	0.082	0.058	0.859
0.756	0.001	0.001	0.242
0.997	0.001	0.001	0.001
0.001	0.001	0.001	0.997
>CTCCGGGGAG	12-CTCCGGGGAG	10.744360	-17.232732	0	T:10.0(4.50%),B:196.0(0.40%),P:1e-7	Tpos:91.0,Tstd:50.0,Bpos:98.2,Bstd:61.6,StrandBias:1.2,Multiplicity:1.00
0.001	0.997	0.001	0.001
0.001	0.107	0.120	0.772
0.001	0.997	0.001	0.001
0.068	0.880	0.001	0.051
0.001	0.001	0.865	0.133
0.001	0.001	0.997	0.001
0.001	0.175	0.823	0.001
0.001	0.106	0.892	0.001
0.997	0.001	0.001	0.001
0.001	0.125	0.873	0.001
>TAAACAATGC	13-TAAACAATGC	12.348682	-13.040149	0	T:5.0(2.25%),B:45.0(0.09%),P:1e-5	Tpos:135.6,Tstd:39.1,Bpos:112.4,Bstd:73.0,StrandBias:0.6,Multiplicity:1.00
0.001	0.001	0.001	0.997
0.997	0.001	0.001	0.001
0.997	0.001	0.001	0.001
0.997	0.001	0.001	0.001
0.001	0.997	0.001	0.001
0.997	0.001	0.001	0.001
0.772	0.001	0.001	0.226
0.001	0.001	0.001	0.997
0.001	0.001	0.997	0.001
0.001	0.997	0.001	0.001
>TMACWSCCAB	14-TMACWSCCAB	7.110904	-12.479669	0	T:39.0(17.57%),B:3949.4(8.09%),P:1e-5	Tpos:90.2,Tstd:52.7,Bpos:100.1,Bstd:63.1,StrandBias:-0.1,Multiplicity:1.05
0.171	0.001	0.168	0.660
0.460	0.532	0.007	0.001
0.615	0.374	0.001	0.010
0.001	0.745	0.179	0.075
0.568	0.001	0.001	0.430
0.167	0.487	0.345	0.001
0.420	0.578	0.001	0.001
0.255	0.743	0.001	0.001
0.772	0.001	0.220	0.007
0.012	0.363	0.253	0.372
>CTCTCTCTCG	15-CTCTCTCTCG	7.810588	-8.503664	0	T:24.0(10.81%),B:2348.0(4.81%),P:1e-3	Tpos:119.4,Tstd:44.7,Bpos:100.7,Bstd:61.2,StrandBias:1.5,Multiplicity:1.09
0.044	0.739	0.114	0.103
0.019	0.050	0.001	0.930
0.063	0.855	0.001	0.081
0.017	0.138	0.024	0.821
0.001	0.922	0.060	0.017
0.113	0.069	0.001	0.817
0.021	0.794	0.078	0.107
0.063	0.078	0.083	0.776
0.081	0.719	0.122	0.078
0.176	0.109	0.639	0.076
>CGCTCTCTCT	16-CGCTCTCTCT	8.986427	-4.374594	0	T:5.0(2.25%),B:300.7(0.62%),P:1e-1	Tpos:73.6,Tstd:44.1,Bpos:98.9,Bstd:60.7,StrandBias:2.6,Multiplicity:1.40
0.161	0.552	0.138	0.149
0.157	0.163	0.528	0.152
0.105	0.740	0.091	0.064
0.086	0.085	0.059	0.770
0.045	0.732	0.072	0.151
0.081	0.121	0.060	0.738
0.070	0.731	0.087	0.112
0.106	0.099	0.063	0.732
0.074	0.751	0.079	0.096
0.115	0.091	0.069	0.725
>TCCACTTCCACT	1-TCCACTTCCACT	11.498096	-19.176784	0	T:9.0(4.05%),B:116.4(0.24%),P:1e-8	Tpos:61.7,Tstd:32.1,Bpos:115.6,Bstd:58.9,StrandBias:1.0,Multiplicity:1.29
0.001	0.191	0.118	0.690
0.001	0.997	0.001	0.001
0.001	0.856	0.001	0.142
0.997	0.001	0.001	0.001
0.192	0.488	0.192	0.128
0.001	0.001	0.001	0.997
0.191	0.001	0.001	0.807
0.191	0.796	0.001	0.012
0.001	0.807	0.001	0.191
0.609	0.001	0.001	0.389
0.001	0.997	0.001	0.001
0.001	0.001	0.001	0.997
>GGCCYTGSCTCY	2-GGCCYTGSCTCY	9.321030	-18.897422	0	T:21.0(9.46%),B:977.5(2.00%),P:1e-8	Tpos:98.0,Tstd:58.1,Bpos:98.0,Bstd:60.4,StrandBias:-0.8,Multiplicity:1.19
0.001	0.117	0.881	0.001
0.231	0.174	0.594	0.001
0.001	0.922	0.001	0.076
0.001	0.997	0.001	0.001
0.086	0.377	0.116	0.421
0.002	0.208	0.297	0.492
0.095	0.162	0.741	0.002
0.001	0.474	0.524	0.001
0.100	0.781	0.001	0.118
0.001	0.375	0.001	0.623
0.001	0.693	0.214	0.092
0.001	0.567	0.007	0.425
>TTTCATTTTGCA	3-TTTCATTTTGCA	10.645583	-18.736818	0	T:12.0(5.41%),B:274.9(0.56%),P:1e-8	Tpos:116.7,Tstd:45.7,Bpos:95.6,Bstd:61.4,StrandBias:0.0,Multiplicity:1.09
0.001	0.186	0.087	0.726
0.124	0.173	0.129	0.574
0.001	0.074	0.124	0.801
0.002	0.996	0.001	0.001
0.804	0.108	0.001	0.087
0.001	0.001	0.003	0.995
0.200	0.001	0.001	0.798
0.001	0.092	0.001	0.906
0.003	0.001	0.124	0.872
0.001	0.087	0.820	0.092
0.090	0.817	0.092	0.001
0.910	0.002	0.001	0.087
>YTTYCCTTTGGG	4-YTTYCCTTTGGG	5.850752	-18.631987	0	T:40.0(18.02%),B:3234.3(6.63%),P:1e-8	Tpos:106.5,Tstd:50.1,Bpos:102.6,Bstd:59.9,StrandBias:0.1,Multiplicity:1.10
0.155	0.361	0.001	0.483
0.092	0.001	0.001	0.906
0.186	0.184	0.001	0.629
0.093	0.382	0.001	0.524
0.001	0.997	0.001	0.001
0.001	0.997	0.001	0.001
0.001	0.167	0.001	0.831
0.001	0.186	0.094	0.719
0.001	0.001	0.093	0.905
0.093	0.001	0.732	0.174
0.001	0.001	0.997	0.001
0.001	0.365	0.628	0.006
>CTGCTGGGTGGC	5-CTGCTGGGTGGC	11.261022	-17.224096	0	T:9.0(4.05%),B:146.8(0.30%),P:1e-7	Tpos:113.4,Tstd:37.6,Bpos:102.5,Bstd:57.8,StrandBias:2.0,Multiplicity:1.11
0.001	0.997	0.001	0.001
0.001	0.001	0.001	0.997
0.001	0.015	0.983	0.001
0.001	0.649	0.349	0.001
0.001	0.284	0.001	0.714
0.001	0.001	0.997	0.001
0.019	0.001	0.695	0.285
0.001	0.001	0.997	0.001
0.366	0.001	0.001	0.632
0.326	0.001	0.672	0.001
0.018	0.327	0.654	0.001
0.001	0.997	0.001	0.001
>AGAGGGATGAGC	6-AGAGGGATGAGC	14.426799	-15.419138	0	T:5.0(2.25%),B:27.3(0.06%),P:1e-6	Tpos:107.7,Tstd:42.0,Bpos:83.8,Bstd:64.3,StrandBias:2.3,Multiplicity:1.20
0.997	0.001	0.001	0.001
0.001	0.001	0.997	0.001
0.997	0.001	0.001	0.001
0.001	0.001	0.997	0.001
0.312	0.001	0.686	0.001
0.001	0.001	0.997	0.001
0.997	0.001	0.001	0.001
0.165	0.001	0.249	0.585
0.001	0.001	0.997	0.001
0.997	0.001	0.001	0.001
0.001	0.001	0.997	0.001
0.001	0.997	0.001	0.001
>GCAGATGGAAGG	7-GCAGATGGAAGG	8.463612	-10.543259	0	T:20.0(9.01%),B:1525.0(3.12%),P:1e-4	Tpos:96.8,Tstd:56.3,Bpos:102.2,Bstd:62.4,StrandBias:-0.4,Multiplicity:1.05
0.100	0.100	0.700	0.100
0.100	0.700	0.100	0.100
0.700	0.100	0.100	0.100
0.100	0.100	0.700	0.100
0.700	0.100	0.100	0.100
0.100	0.100	0.100	0.700
0.100	0.100	0.700	0.100
0.100	0.100	0.700	0.100
0.700	0.100	0.100	0.100
0.700	0.100	0.100	0.100
0.100	0.100	0.700	0.100
0.100	0.100	0.700	0.100
>GCTCTCTCTCTS	8-GCTCTCTCTCTS	8.202935	-9.140544	0	T:17.0(7.66%),B:1295.1(2.65%),P:1e-3	Tpos:124.2,Tstd:33.1,Bpos:101.4,Bstd:62.2,StrandBias:1.8,Multiplicity:1.19
0.029	0.210	0.621	0.140
0.001	0.676	0.023	0.300
0.015	0.238	0.023	0.724
0.015	0.566	0.213	0.206
0.143	0.242	0.132	0.483
0.014	0.941	0.044	0.001
0.274	0.231	0.001	0.494
0.149	0.564	0.286	0.001
0.214	0.283	0.001	0.502
0.194	0.643	0.148	0.015
0.188	0.125	0.207	0.480
0.015	0.539	0.422	0.024
>NACACACACACA	9-NACACACACACA	4.138200	-6.737638	0	T:146.0(65.77%),B:27094.4(55.50%),P:1e-2	Tpos:100.8,Tstd:54.5,Bpos:100.1,Bstd:61.4,StrandBias:0.1,Multiplicity:1.29
0.232	0.304	0.182	0.283
0.589	0.155	0.121	0.135
0.104	0.593	0.175	0.128
0.589	0.081	0.094	0.236
0.108	0.582	0.222	0.088
0.642	0.135	0.061	0.162
0.131	0.634	0.141	0.094
0.750	0.088	0.074	0.088
0.148	0.573	0.121	0.158
0.643	0.128	0.047	0.182
0.131	0.613	0.148	0.108
0.488	0.175	0.121	0.215
>CACACACTCTCT	10-CACACACTCTCT	10.503169	-3.956494	0	T:3.0(1.35%),B:123.3(0.25%),P:1e-1	Tpos:56.9,Tstd:55.2,Bpos:98.7,Bstd:58.5,StrandBias:2.2,Multiplicity:1.67
0.001	0.997	0.001	0.001
0.975	0.001	0.001	0.023
0.001	0.802	0.001	0.196
0.776	0.001	0.001	0.222
0.001	0.997	0.001	0.001
0.756	0.001	0.001	0.242
0.001	0.997	0.001	0.001
0.001	0.001	0.001	0.997
0.001	0.997	0.001	0.001
0.001	0.001	0.001	0.997
0.001	0.997	0.001	0.001
0.216	0.001	0.001	0.782
>ACACACACACAC	11-ACACACACACAC	-11.181375	-1.967175	0	T:110.0(49.55%),B:22313.0(45.71%),P:1e0	Tpos:104.3,Tstd:52.4,Bpos:99.4,Bstd:61.9,StrandBias:0.2,Multiplicity:1.29
0.922	0.001	0.001	0.076
0.081	0.917	0.001	0.001
0.997	0.001	0.001	0.001
0.001	0.997	0.001	0.001
0.997	0.001	0.001	0.001
0.001	0.997	0.001	0.001
0.997	0.001	0.001	0.001
0.001	0.997	0.001	0.001
0.997	0.001	0.001	0.001
0.001	0.997	0.001	0.001
0.906	0.001	0.092	0.001
0.001	0.997	0.001	0.001
>ACTAATTA	1-ACTAATTA	7.713272	-21.914744	0	T:31.0(13.96%),B:1809.6(3.71%),P:1e-9	Tpos:110.6,Tstd:53.8,Bpos:100.2,Bstd:64.1,StrandBias:-0.5,Multiplicity:1.10
0.854	0.094	0.001	0.051
0.001	0.744	0.031	0.224
0.199	0.020	0.001	0.780
0.927	0.071	0.001	0.001
0.997	0.001	0.001	0.001
0.001	0.001	0.001	0.997
0.001	0.096	0.075	0.828
0.997	0.001	0.001	0.001
>GAACAGTT	2-GAACAGTT	6.383326	-21.802915	0	T:73.0(32.88%),B:7766.2(15.91%),P:1e-9	Tpos:98.0,Tstd:52.0,Bpos:100.2,Bstd:62.3,StrandBias:0.2,Multiplicity:1.19
0.151	0.322	0.491	0.036
0.893	0.105	0.001	0.001
0.781	0.121	0.087	0.011
0.034	0.777	0.188	0.001
0.951	0.001	0.001	0.047
0.109	0.002	0.689	0.200
0.249	0.179	0.001	0.571
0.001	0.001	0.001	0.997
>CTGTCAGA	3-CTGTCAGA	6.981241	-18.755608	0	T:44.0(19.82%),B:3771.9(7.73%),P:1e-8	Tpos:85.2,Tstd:52.7,Bpos:100.1,Bstd:64.5,StrandBias:-0.2,Multiplicity:1.05
0.001	0.893	0.062	0.044
0.093	0.001	0.001	0.905
0.016	0.001	0.982	0.001
0.115	0.001	0.039	0.845
0.009	0.690	0.109	0.192
0.959	0.001	0.001	0.039
0.001	0.040	0.958	0.001
0.837	0.006	0.129	0.028
>GACTGCTG	4-GACTGCTG	6.945929	-14.300115	0	T:52.0(23.42%),B:5674.9(11.63%),P:1e-6	Tpos:95.4,Tstd:54.7,Bpos:101.9,Bstd:66.2,StrandBias:0.3,Multiplicity:1.15
0.036	0.089	0.837	0.038
0.871	0.083	0.001	0.045
0.070	0.918	0.001	0.011
0.143	0.001	0.046	0.810
0.001	0.043	0.874	0.082
0.001	0.889	0.109	0.001
0.085	0.001	0.001	0.913
0.030	0.053	0.908	0.009
>GAATGKGT	5-GAATGKGT	5.992032	-13.559742	0	T:45.0(20.27%),B:4693.2(9.61%),P:1e-5	Tpos:106.8,Tstd:56.9,Bpos:99.2,Bstd:61.3,StrandBias:0.3,Multiplicity:1.13
0.106	0.001	0.892	0.001
0.997	0.001	0.001	0.001
0.749	0.001	0.001	0.249
0.001	0.189	0.001	0.809
0.001	0.001	0.997	0.001
0.001	0.001	0.505	0.493
0.001	0.001	0.997	0.001
0.165	0.001	0.001	0.833
>GAGAGAGC	6-GAGAGAGC	8.191874	-8.444268	0	T:26.0(11.71%),B:2657.8(5.44%),P:1e-3	Tpos:103.7,Tstd:47.9,Bpos:99.7,Bstd:63.2,StrandBias:-1.6,Multiplicity:1.08
0.255	0.001	0.743	0.001
0.997	0.001	0.001	0.001
0.001	0.001	0.997	0.001
0.997	0.001	0.001	0.001
0.001	0.001	0.997	0.001
0.684	0.314	0.001	0.001
0.001	0.001	0.722	0.276
0.152	0.846	0.001	0.001
