>AACAGCTGGC	1-AACAGCTGGC	7.593713	-27.535449	0	T:41.0(18.47%),B:2502.9(5.13%),P:1e-11	Tpos:104.2,Tstd:52.3,Bpos:100.1,Bstd:66.2,StrandBias:-0.2,Multiplicity:1.10
0.790	0.136	0.073	0.001
0.710	0.031	0.126	0.133
0.046	0.879	0.074	0.001
0.997	0.001	0.001	0.001
0.039	0.001	0.840	0.120
0.136	0.774	0.001	0.089
0.091	0.140	0.001	0.768
0.037	0.165	0.719	0.079
0.001	0.127	0.746	0.126
0.048	0.769	0.110	0.073
>ATACTAATTA	2-ATACTAATTA	10.398732	-27.003898	0	T:13.0(5.86%),B:169.8(0.35%),P:1e-11	Tpos:94.1,Tstd:53.0,Bpos:99.3,Bstd:59.3,StrandBias:-0.7,Multiplicity:1.00
0.894	0.104	0.001	0.001
0.083	0.096	0.001	0.820
0.997	0.001	0.001	0.001
0.041	0.957	0.001	0.001
0.070	0.092	0.001	0.837
0.907	0.001	0.091	0.001
0.997	0.001	0.001	0.001
0.001	0.001	0.001	0.997
0.001	0.108	0.111	0.780
0.909	0.089	0.001	0.001
>CTCACTGCTT	3-CTCACTGCTT	10.154518	-25.132583	0	T:17.0(7.66%),B:411.5(0.84%),P:1e-10	Tpos:105.5,Tstd:57.0,Bpos:101.7,Bstd:64.4,StrandBias:0.2,Multiplicity:1.00
0.001	0.852	0.146	0.001
0.001	0.001	0.001	0.997
0.001	0.997	0.001	0.001
0.997	0.001	0.001	0.001
0.001	0.592	0.278	0.129
0.001	0.001	0.001	0.997
0.001	0.116	0.882	0.001
0.001	0.997	0.001	0.001
0.118	0.001	0.001	0.880
0.001	0.128	0.081	0.790
>GTTTTATTTG	4-GTTTTATTTG	10.093648	-24.964265	0	T:14.0(6.31%),B:247.1(0.51%),P:1e-10	Tpos:104.0,Tstd:61.5,Bpos:104.0,Bstd:61.1,StrandBias:1.0,Multiplicity:1.07
0.038	0.001	0.935	0.026
0.001	0.001	0.001	0.997
0.001	0.065	0.065	0.869
0.001	0.070	0.079	0.850
0.265	0.001	0.001	0.733
0.997	0.001	0.001	0.001
0.001	0.081	0.087	0.831
0.001	0.075	0.001	0.923
0.001	0.001	0.062	0.936
0.034	0.001	0.964	0.001
>GATGTGCTAA	5-GATGTGCTAA	10.411133	-22.214338	0	T:11.0(4.95%),B:155.5(0.32%),P:1e-9	Tpos:80.2,Tstd:46.7,Bpos:110.6,Bstd:62.0,StrandBias:0.3,Multiplicity:1.00
0.075	0.082	0.759	0.084
0.755	0.001	0.145	0.099
0.104	0.001	0.001	0.894
0.001	0.144	0.854	0.001
0.081	0.001	0.001	0.917
0.001	0.001	0.997	0.001
0.001	0.905	0.093	0.001
0.001	0.001	0.001	0.997
0.997	0.001	0.001	0.001
0.997	0.001	0.001	0.001
>TTAAATAGCA	6-TTAAATAGCA	10.089541	-21.675308	0	T:12.0(5.41%),B:210.2(0.43%),P:1e-9	Tpos:114.9,Tstd:59.7,Bpos:97.7,Bstd:69.4,StrandBias:1.0,Multiplicity:1.00
0.001	0.001	0.001	0.997
0.001	0.001	0.001	0.997
0.823	0.001	0.001	0.175
0.885	0.001	0.113	0.001
0.997	0.001	0.001	0.001
0.047	0.063	0.001	0.889
0.865	0.133	0.001	0.001
0.053	0.001	0.945	0.001
0.061	0.937	0.001	0.001
0.718	0.094	0.001	0.187
>GATTTCCCTT	7-GATTTCCCTT	9.336548	-21.526859	0	T:21.0(9.46%),B:840.5(1.72%),P:1e-9	Tpos:101.2,Tstd:55.5,Bpos:101.4,Bstd:61.7,StrandBias:2.2,Multiplicity:1.10
0.174	0.172	0.653	0.001
0.766	0.228	0.001	0.005
0.392	0.001	0.001	0.606
0.001	0.001	0.001	0.997
0.001	0.006	0.001	0.992
0.001	0.762	0.236	0.001
0.285	0.636	0.001	0.078
0.001	0.995	0.001	0.003
0.001	0.001	0.001	0.997
0.266	0.097	0.001	0.636
>CAATCCCCCG	8-CAATCCCCCG	10.683924	-21.101392	0	T:8.0(3.60%),B:62.3(0.13%),P:1e-9	Tpos:94.5,Tstd:58.6,Bpos:109.6,Bstd:50.6,StrandBias:0.7,Multiplicity:1.00
0.001	0.997	0.001	0.001
0.904	0.094	0.001	0.001
0.788	0.111	0.100	0.001
0.001	0.001	0.121	0.877
0.001	0.997	0.001	0.001
0.151	0.847	0.001	0.001
0.001	0.997	0.001	0.001
0.151	0.847	0.001	0.001
0.001	0.997	0.001	0.001
0.001	0.094	0.904	0.001
>GGGCAGATTT	9-GGGCAGATTT	10.167053	-20.530343	0	T:14.0(6.31%),B:349.1(0.72%),P:1e-8	Tpos:90.6,Tstd:52.2,Bpos:100.5,Bstd:58.7,StrandBias:0.4,Multiplicity:1.00
0.064	0.001	0.934	0.001
0.001	0.001	0.997	0.001
0.094	0.001	0.904	0.001
0.001	0.917	0.081	0.001
0.997	0.001	0.001	0.001
0.099	0.001	0.799	0.101
0.844	0.070	0.001	0.085
0.001	0.099	0.083	0.817
0.001	0.001	0.001	0.997
0.001	0.074	0.068	0.857
>CTGCTGGTAA	10-CTGCTGGTAA	7.290595	-17.591392	0	T:38.0(17.12%),B:3086.3(6.32%),P:1e-7	Tpos:90.0,Tstd:54.3,Bpos:102.8,Bstd:64.4,StrandBias:0.4,Multiplicity:1.14
0.057	0.841	0.014	0.088
0.062	0.001	0.001	0.936
0.001	0.052	0.859	0.088
0.117	0.680	0.138	0.065
0.022	0.031	0.001	0.946
0.057	0.066	0.854	0.023
0.049	0.132	0.780	0.039
0.045	0.134	0.162	0.659
0.725	0.074	0.122	0.079
0.729	0.022	0.211	0.038
>AGAGGATAAT	11-AGAGGATAAT	10.165219	-17.467910	0	T:12.0(5.41%),B:308.1(0.63%),P:1e-7	Tpos:117.1,Tstd:53.8,Bpos:99.6,Bstd:63.6,StrandBias:0.0,Multiplicity:1.17
0.926	0.001	0.001	0.072
0.075	0.092	0.832	0.001
0.997	0.001	0.001	0.001
0.001	0.001	0.923	0.075
0.001	0.001	0.893	0.105
0.898	0.100	0.001	0.001
0.001	0.082	0.058	0.859
0.756	0.001	0.001	0.242
0.997	0.001	0.001	0.001
0.001	0.001	0.001	0.997
>CTCCGGGGAG	12-CTCCGGGGAG	10.744360	-17.232732	0	T:10.0(4.50%),B:196.0(0.40%),P:1e-7	Tpos:91.0,Tstd:50.0,Bpos:98.2,Bstd:61.6,StrandBias:1.2,Multiplicity:1.00
0.001	0.997	0.001	0.001
0.001	0.107	0.120	0.772
0.001	0.997	0.001	0.001
0.068	0.880	0.001	0.051
0.001	0.001	0.865	0.133
0.001	0.001	0.997	0.001
0.001	0.175	0.823	0.001
0.001	0.106	0.892	0.001
0.997	0.001	0.001	0.001
0.001	0.125	0.873	0.001
>TAAACAATGC	13-TAAACAATGC	12.348682	-13.040149	0	T:5.0(2.25%),B:45.0(0.09%),P:1e-5	Tpos:135.6,Tstd:39.1,Bpos:112.4,Bstd:73.0,StrandBias:0.6,Multiplicity:1.00
0.001	0.001	0.001	0.997
0.997	0.001	0.001	0.001
0.997	0.001	0.001	0.001
0.997	0.001	0.001	0.001
0.001	0.997	0.001	0.001
0.997	0.001	0.001	0.001
0.772	0.001	0.001	0.226
0.001	0.001	0.001	0.997
0.001	0.001	0.997	0.001
0.001	0.997	0.001	0.001
>TMACWSCCAB	14-TMACWSCCAB	7.110904	-12.479669	0	T:39.0(17.57%),B:3949.4(8.09%),P:1e-5	Tpos:90.2,Tstd:52.7,Bpos:100.1,Bstd:63.1,StrandBias:-0.1,Multiplicity:1.05
0.171	0.001	0.168	0.660
0.460	0.532	0.007	0.001
0.615	0.374	0.001	0.010
0.001	0.745	0.179	0.075
0.568	0.001	0.001	0.430
0.167	0.487	0.345	0.001
0.420	0.578	0.001	0.001
0.255	0.743	0.001	0.001
0.772	0.001	0.220	0.007
0.012	0.363	0.253	0.372
>CTCTCTCTCG	15-CTCTCTCTCG	7.810588	-8.503664	0	T:24.0(10.81%),B:2348.0(4.81%),P:1e-3	Tpos:119.4,Tstd:44.7,Bpos:100.7,Bstd:61.2,StrandBias:1.5,Multiplicity:1.09
0.044	0.739	0.114	0.103
0.019	0.050	0.001	0.930
0.063	0.855	0.001	0.081
0.017	0.138	0.024	0.821
0.001	0.922	0.060	0.017
0.113	0.069	0.001	0.817
0.021	0.794	0.078	0.107
0.063	0.078	0.083	0.776
0.081	0.719	0.122	0.078
0.176	0.109	0.639	0.076
>CGCTCTCTCT	16-CGCTCTCTCT	8.986427	-4.374594	0	T:5.0(2.25%),B:300.7(0.62%),P:1e-1	Tpos:73.6,Tstd:44.1,Bpos:98.9,Bstd:60.7,StrandBias:2.6,Multiplicity:1.40
0.161	0.552	0.138	0.149
0.157	0.163	0.528	0.152
0.105	0.740	0.091	0.064
0.086	0.085	0.059	0.770
0.045	0.732	0.072	0.151
0.081	0.121	0.060	0.738
0.070	0.731	0.087	0.112
0.106	0.099	0.063	0.732
0.074	0.751	0.079	0.096
0.115	0.091	0.069	0.725
