>ACTAATTA	1-ACTAATTA	7.713272	-21.914744	0	T:31.0(13.96%),B:1809.6(3.71%),P:1e-9	Tpos:110.6,Tstd:53.8,Bpos:100.2,Bstd:64.1,StrandBias:-0.5,Multiplicity:1.10
0.854	0.094	0.001	0.051
0.001	0.744	0.031	0.224
0.199	0.020	0.001	0.780
0.927	0.071	0.001	0.001
0.997	0.001	0.001	0.001
0.001	0.001	0.001	0.997
0.001	0.096	0.075	0.828
0.997	0.001	0.001	0.001
>GAACAGTT	2-GAACAGTT	6.383326	-21.802915	0	T:73.0(32.88%),B:7766.2(15.91%),P:1e-9	Tpos:98.0,Tstd:52.0,Bpos:100.2,Bstd:62.3,StrandBias:0.2,Multiplicity:1.19
0.151	0.322	0.491	0.036
0.893	0.105	0.001	0.001
0.781	0.121	0.087	0.011
0.034	0.777	0.188	0.001
0.951	0.001	0.001	0.047
0.109	0.002	0.689	0.200
0.249	0.179	0.001	0.571
0.001	0.001	0.001	0.997
>CTGTCAGA	3-CTGTCAGA	6.981241	-18.755608	0	T:44.0(19.82%),B:3771.9(7.73%),P:1e-8	Tpos:85.2,Tstd:52.7,Bpos:100.1,Bstd:64.5,StrandBias:-0.2,Multiplicity:1.05
0.001	0.893	0.062	0.044
0.093	0.001	0.001	0.905
0.016	0.001	0.982	0.001
0.115	0.001	0.039	0.845
0.009	0.690	0.109	0.192
0.959	0.001	0.001	0.039
0.001	0.040	0.958	0.001
0.837	0.006	0.129	0.028
>GACTGCTG	4-GACTGCTG	6.945929	-14.300115	0	T:52.0(23.42%),B:5674.9(11.63%),P:1e-6	Tpos:95.4,Tstd:54.7,Bpos:101.9,Bstd:66.2,StrandBias:0.3,Multiplicity:1.15
0.036	0.089	0.837	0.038
0.871	0.083	0.001	0.045
0.070	0.918	0.001	0.011
0.143	0.001	0.046	0.810
0.001	0.043	0.874	0.082
0.001	0.889	0.109	0.001
0.085	0.001	0.001	0.913
0.030	0.053	0.908	0.009
>GAATGKGT	5-GAATGKGT	5.992032	-13.559742	0	T:45.0(20.27%),B:4693.2(9.61%),P:1e-5	Tpos:106.8,Tstd:56.9,Bpos:99.2,Bstd:61.3,StrandBias:0.3,Multiplicity:1.13
0.106	0.001	0.892	0.001
0.997	0.001	0.001	0.001
0.749	0.001	0.001	0.249
0.001	0.189	0.001	0.809
0.001	0.001	0.997	0.001
0.001	0.001	0.505	0.493
0.001	0.001	0.997	0.001
0.165	0.001	0.001	0.833
>GAGAGAGC	6-GAGAGAGC	8.191874	-8.444268	0	T:26.0(11.71%),B:2657.8(5.44%),P:1e-3	Tpos:103.7,Tstd:47.9,Bpos:99.7,Bstd:63.2,StrandBias:-1.6,Multiplicity:1.08
0.255	0.001	0.743	0.001
0.997	0.001	0.001	0.001
0.001	0.001	0.997	0.001
0.997	0.001	0.001	0.001
0.001	0.001	0.997	0.001
0.684	0.314	0.001	0.001
0.001	0.001	0.722	0.276
0.152	0.846	0.001	0.001
