>GGCYYCCTGCTGWGH	ZIC3.ZIC.C2H2	3.749360	-4.828797	0	T:65.0(57.02%),B:21661.1(45.32%),P:1e-2
0.168	0.157	0.450	0.226
0.168	0.231	0.524	0.076
0.220	0.490	0.162	0.128
0.105	0.455	0.128	0.312
0.220	0.375	0.099	0.306
0.007	0.972	0.013	0.007
0.088	0.886	0.007	0.019
0.065	0.134	0.007	0.794
0.053	0.065	0.857	0.025
0.007	0.898	0.088	0.007
0.053	0.013	0.019	0.915
0.019	0.036	0.938	0.007
0.323	0.036	0.203	0.438
0.013	0.036	0.857	0.094
0.369	0.254	0.145	0.231
