>KGCYYCCTGCTGWGH	ZIC2.ZIC.C2H2	4.611710	-7.542077	0	T:66.0(57.89%),B:20169.3(42.20%),P:1e-3
0.191	0.157	0.391	0.261
0.287	0.148	0.456	0.109
0.218	0.424	0.160	0.198
0.105	0.470	0.095	0.331
0.191	0.379	0.112	0.319
0.018	0.903	0.032	0.047
0.049	0.895	0.006	0.049
0.085	0.191	0.004	0.720
0.083	0.028	0.828	0.061
0.011	0.787	0.112	0.090
0.114	0.025	0.114	0.746
0.028	0.059	0.886	0.028
0.333	0.119	0.181	0.367
0.035	0.059	0.730	0.177
0.350	0.294	0.143	0.213
