>BYRGCCAATCAGAR	NFYC.NFY.NFY	5.045510	-5.512976	0	T:35.0(30.70%),B:9507.0(19.89%),P:1e-2
0.142	0.337	0.198	0.323
0.087	0.360	0.191	0.362
0.473	0.103	0.332	0.091
0.316	0.071	0.480	0.133
0.008	0.932	0.031	0.029
0.022	0.962	0.010	0.006
0.918	0.029	0.013	0.041
0.897	0.043	0.050	0.010
0.031	0.057	0.022	0.890
0.128	0.527	0.258	0.087
0.608	0.089	0.274	0.029
0.175	0.156	0.561	0.108
0.446	0.260	0.189	0.105
0.355	0.087	0.395	0.163
