>GTTGCCATGGCA	7-GTTGCCATGGCA,BestGuess:RFX3.RFX/1.RFX(0.921)	10.091866	-41.030767	0	T:29.0(2.35%),B:121.5(0.26%),P:1e-17
0.062	0.074	0.822	0.042
0.038	0.042	0.023	0.897
0.092	0.018	0.001	0.889
0.069	0.062	0.691	0.178
0.023	0.792	0.023	0.162
0.001	0.929	0.001	0.069
0.835	0.056	0.001	0.108
0.052	0.001	0.046	0.901
0.111	0.046	0.842	0.001
0.109	0.023	0.822	0.046
0.105	0.743	0.037	0.115
0.843	0.023	0.016	0.118
