>ATTAATTATGCA	12-ATTAATTATGCA,BestGuess:POU4F3.POU/2.POU(0.910)	8.779467	-31.256713	0	T:65.0(5.28%),B:828.7(1.77%),P:1e-13
0.920	0.043	0.001	0.036
0.064	0.043	0.043	0.850
0.143	0.059	0.083	0.715
0.828	0.082	0.043	0.047
0.811	0.086	0.021	0.082
0.058	0.043	0.043	0.856
0.194	0.001	0.017	0.788
0.808	0.071	0.017	0.104
0.053	0.001	0.068	0.878
0.057	0.039	0.799	0.105
0.082	0.829	0.043	0.046
0.925	0.021	0.021	0.033
