>ACAGCGTAAACA	20-TGTTTACGCTGT	11.916906	-24.308800	0	T:6.0(0.49%),B:2.7(0.01%),P:1e-10
0.737	0.076	0.082	0.105
0.042	0.822	0.100	0.036
0.840	0.023	0.023	0.114
0.053	0.054	0.835	0.058
0.140	0.551	0.138	0.171
0.131	0.080	0.596	0.193
0.118	0.059	0.098	0.725
0.729	0.088	0.083	0.100
0.736	0.114	0.058	0.092
0.830	0.069	0.027	0.074
0.114	0.739	0.093	0.054
0.864	0.077	0.023	0.036
