>TTCCCTGGGGGG	3-TTCCCTGGGGGG	5.380566	-59.384189	0	T:478.0(38.80%),B:11737.7(25.05%),P:1e-25
0.118	0.172	0.129	0.581
0.076	0.138	0.153	0.633
0.067	0.697	0.106	0.130
0.090	0.721	0.062	0.127
0.090	0.740	0.060	0.110
0.144	0.094	0.090	0.672
0.084	0.080	0.717	0.119
0.123	0.108	0.638	0.131
0.134	0.079	0.680	0.107
0.140	0.080	0.671	0.109
0.169	0.077	0.646	0.108
0.139	0.147	0.602	0.112
