>CTGCAGGTTAAT	5-CTGCAGGTTAAT,BestGuess:MYBL2.MYB/3.MYB(0.729)	6.904984	-43.750992	0	T:191.0(15.50%),B:3637.6(7.76%),P:1e-19
0.088	0.758	0.068	0.086
0.124	0.013	0.038	0.825
0.061	0.082	0.779	0.078
0.109	0.783	0.067	0.041
0.798	0.037	0.041	0.124
0.113	0.061	0.725	0.101
0.131	0.122	0.628	0.119
0.116	0.078	0.097	0.709
0.098	0.078	0.071	0.753
0.691	0.127	0.086	0.096
0.813	0.031	0.044	0.112
0.104	0.075	0.083	0.738
