>TGCATAATTAAT	12-ATTAATTATGCA	8.779467	-31.256713	0	T:65.0(5.28%),B:828.7(1.77%),P:1e-13
0.033	0.021	0.021	0.925
0.046	0.043	0.829	0.082
0.105	0.799	0.039	0.057
0.878	0.068	0.001	0.053
0.104	0.017	0.071	0.808
0.788	0.017	0.001	0.194
0.856	0.043	0.043	0.058
0.082	0.021	0.086	0.811
0.047	0.043	0.082	0.828
0.715	0.083	0.059	0.143
0.850	0.043	0.043	0.064
0.036	0.001	0.043	0.920
