>TGCCATGGCAAC	7-GTTGCCATGGCA	10.091866	-41.030767	0	T:29.0(2.35%),B:121.5(0.26%),P:1e-17
0.118	0.016	0.023	0.843
0.115	0.037	0.743	0.105
0.046	0.822	0.023	0.109
0.001	0.842	0.046	0.111
0.901	0.046	0.001	0.052
0.108	0.001	0.056	0.835
0.069	0.001	0.929	0.001
0.162	0.023	0.792	0.023
0.178	0.691	0.062	0.069
0.889	0.001	0.018	0.092
0.897	0.023	0.042	0.038
0.042	0.822	0.074	0.062
