>CACARMRGASAG	8-CACARMRGASAG	7.337915	-38.753167	0	T:103.0(8.36%),B:1524.7(3.25%),P:1e-16
0.247	0.415	0.191	0.147
0.617	0.131	0.030	0.222
0.040	0.882	0.049	0.029
0.707	0.264	0.011	0.018
0.498	0.080	0.398	0.024
0.388	0.264	0.212	0.136
0.456	0.014	0.376	0.153
0.040	0.282	0.562	0.116
0.540	0.142	0.299	0.019
0.030	0.499	0.457	0.013
0.658	0.204	0.110	0.028
0.151	0.230	0.460	0.158
