>CGGCTTTTCATT	10-CGGCTTTTCATT,BestGuess:PRDM6.NFAC/2.NFAT(0.610)	9.893156	-33.567525	0	T:34.0(2.76%),B:230.7(0.49%),P:1e-14
0.216	0.453	0.162	0.170
0.123	0.040	0.714	0.123
0.001	0.080	0.888	0.031
0.109	0.811	0.040	0.040
0.001	0.001	0.039	0.959
0.040	0.121	0.040	0.799
0.001	0.033	0.040	0.926
0.066	0.001	0.040	0.893
0.001	0.926	0.033	0.040
0.886	0.073	0.040	0.001
0.081	0.081	0.040	0.798
0.039	0.001	0.001	0.959
