>TGTTTACGCTGT	20-TGTTTACGCTGT,BestGuess:FOXA2.FOX/4.forkhead(0.765)	11.916906	-24.308800	0	T:6.0(0.49%),B:2.7(0.01%),P:1e-10
0.036	0.023	0.077	0.864
0.054	0.093	0.739	0.114
0.074	0.027	0.069	0.830
0.092	0.058	0.114	0.736
0.100	0.083	0.088	0.729
0.725	0.098	0.059	0.118
0.193	0.596	0.080	0.131
0.171	0.138	0.551	0.140
0.058	0.835	0.054	0.053
0.114	0.023	0.023	0.840
0.036	0.100	0.822	0.042
0.105	0.082	0.076	0.737
