>TGAYTGACAGCC	1-TGAYTGACAGCC	5.764872	-93.577314	0	T:500.0(40.58%),B:10926.0(23.31%),P:1e-40
0.158	0.005	0.067	0.770
0.134	0.251	0.478	0.137
0.570	0.204	0.041	0.185
0.187	0.284	0.128	0.401
0.128	0.031	0.015	0.826
0.193	0.204	0.552	0.051
0.742	0.062	0.026	0.170
0.156	0.784	0.029	0.031
0.861	0.020	0.001	0.118
0.116	0.036	0.735	0.113
0.067	0.725	0.182	0.026
0.229	0.496	0.046	0.228
