>GGGAAAAACAAA	23-GGGAAAAACAAA,BestGuess:SRY.SOX/4.HMG(0.684)	10.316218	-20.726850	0	T:19.0(1.54%),B:119.2(0.25%),P:1e-9
0.076	0.025	0.673	0.226
0.102	0.009	0.610	0.279
0.252	0.009	0.699	0.040
0.618	0.010	0.322	0.050
0.888	0.025	0.037	0.050
0.619	0.060	0.047	0.274
0.597	0.045	0.083	0.275
0.655	0.023	0.276	0.046
0.226	0.669	0.050	0.055
0.673	0.255	0.012	0.060
0.679	0.034	0.007	0.280
0.802	0.029	0.082	0.087
