>YATGCATATRCATRT	OCT:OCT(POU,Homeobox)/NPC-OCT6-ChIP-Seq(GSE43916)/Homer	9.586080	-6.392557	0	T:12.0(1.18%),B:201.1(0.42%),P:1e-2
0.102	0.447	0.023	0.428
0.882	0.013	0.051	0.054
0.002	0.049	0.001	0.948
0.380	0.007	0.583	0.030
0.151	0.531	0.005	0.313
0.930	0.003	0.059	0.008
0.036	0.114	0.001	0.849
0.824	0.001	0.131	0.044
0.024	0.063	0.003	0.910
0.367	0.005	0.468	0.160
0.033	0.572	0.011	0.384
0.919	0.001	0.067	0.013
0.044	0.085	0.005	0.866
0.504	0.035	0.369	0.092
0.227	0.251	0.022	0.499
